1	1	0	0	1	1	1	5	0
1	1	0	0	1	2	1	6	1
1	1	0	0	1	3	2	6	990	1	1
1	1	0	0	1	4	2	19	915	0	0
1	1	0	0	1	5	2	21	22	0	0
1	1	0	0	1	6	3	21	22	2697	0	0	0
1	1	0	0	1	7	1	24	0
1	1	0	0	1	8	2	25	26	0	0
1	1	0	0	1	9	1	29	0
1	1	0	0	1	10	1	34	0
1	1	0	0	1	11	2	34	35	0	0
1	1	0	0	1	12	2	38	995	1	1
1	1	0	0	1	13	0
1	1	0	0	1	14	5	43	3627	3628	3629	3630	0	0	0	1	0
1	1	0	0	1	15	1	46	0
1	1	0	0	1	16	2	47	2629	0	0
1	1	0	0	1	17	1	49	0
1	1	0	0	1	18	1	52	0
1	1	0	0	1	19	2	54	2461	0	0
1	1	0	0	1	20	2	55	3691	0	0
1	1	0	0	1	21	1	58	0
1	1	0	0	1	22	4	60	61	1848	1849	0	0	0	0
1	1	0	0	1	23	1	64	0
1	1	0	0	1	24	1	64	0
1	1	0	0	1	25	1	68	0
1	1	0	0	1	26	4	69	70	2682	2683	0	0	0	0
1	1	0	0	1	27	2	72	73	0	0
1	1	0	0	1	28	2	75	2094	0	1
1	1	0	0	1	29	2	76	4658	0	0
1	1	0	0	1	30	2	75	76	0	0
1	1	0	0	1	31	1	79	0
1	1	0	0	1	32	1	79	0
1	1	0	0	1	33	2	81	82	0	1
1	1	0	0	1	34	3	84	85	2673	0	0	1
1	1	0	0	1	35	1	86	0
1	1	0	0	1	36	2	89	90	0	0
1	1	0	0	1	37	1	91	0
1	1	0	0	1	38	1	92	0
1	1	0	0	1	39	1	93	1
1	1	0	0	1	40	1	96	0
1	1	0	0	1	41	1	96	0
1	1	0	0	1	42	2	100	2686	0	0
1	1	0	0	1	43	1	104	0
1	1	0	0	1	44	2	105	106	1	0
1	1	0	0	1	45	2	107	2830	0	0
1	1	0	0	1	46	2	108	3058	1	0
1	1	0	0	1	47	2	108	109	0	0
1	1	0	0	1	48	1	111	0
1	1	0	0	1	49	1	112	0
1	1	0	0	1	50	3	114	115	3124	1	0	0
1	1	0	0	1	51	2	118	4562	1	0
1	1	0	0	1	52	1	118	0
1	1	0	0	1	53	2	124	125	0	1
1	1	0	0	1	54	1	127	0
1	1	0	0	1	55	1	127	0
1	1	0	0	1	56	2	127	3014	0	0
1	1	0	0	1	57	1	136	0
1	1	0	0	1	58	1	144	0
1	1	0	0	1	59	2	145	1271	0	0
1	1	0	0	1	60	3	145	2159	2160	0	0	0
1	1	0	0	1	61	1	146	0
1	1	0	0	1	62	1	147	0
1	1	0	0	1	63	4	152	153	154	2273	0	0	0	0
1	1	0	0	1	64	4	153	154	155	4176	0	0	0	0
1	1	0	0	1	65	1	158	0
1	1	0	0	1	66	1	160	0
1	1	0	0	1	67	3	166	167	2891	0	0	0
1	1	0	0	1	68	1	172	0
1	1	0	0	1	69	1	2083	1
1	1	0	0	1	70	4	177	694	695	696	0	0	0	0
1	1	0	0	1	71	2	177	1493	0	0
1	1	0	0	1	72	1	177	0
1	1	0	0	1	73	2	184	2034	0	0
1	1	0	0	1	74	1	184	0
1	1	0	0	1	75	1	185	0
1	1	0	0	1	76	0
1	1	0	0	1	77	1	189	0
1	1	0	0	1	78	4	194	195	2944	2945	0	0	1	0
1	1	0	0	1	79	3	3556	3557	3558	1	0	0
1	1	0	0	1	80	2	202	2933	0	0
1	1	0	0	1	81	3	204	529	530	0	0	0
1	1	0	0	1	82	1	206	0
1	1	0	0	1	83	2	207	208	0	0
1	1	0	0	1	84	1	209	0
1	1	0	0	1	85	1	216	0
1	1	0	0	1	86	2	216	217	0	0
1	1	0	0	1	87	1	217	0
1	1	0	0	1	88	1	224	1
1	1	0	0	1	89	2	230	3025	0	0
1	1	0	0	1	90	2	232	761	0	0
1	1	0	0	1	91	2	232	1630	0	0
1	1	0	0	1	92	4	237	238	239	4788	1	1	0	1
1	1	0	0	1	93	2	240	4179	1	1
1	1	0	0	1	94	1	240	1
1	1	0	0	1	95	3	242	4166	4167	0	0	0
1	1	0	0	1	96	1	242	0
1	1	0	0	1	97	2	242	2339	0	0
1	1	0	0	1	98	1	243	0
1	1	0	0	1	99	1	246	0
1	1	0	0	1	100	2	247	248	0	0
1	1	0	0	1	101	1	252	0
1	1	0	0	1	102	1	252	0
1	1	0	0	1	103	1	254	0
1	1	0	0	1	104	2	261	262	1	0
1	1	0	0	1	105	2	262	2147	0	0
1	1	0	0	1	106	2	263	4155	1	0
1	1	0	0	1	107	1	263	1
1	1	0	0	1	108	2	272	273	0	0
1	1	0	0	1	109	2	275	4805	0	0
1	1	0	0	1	110	1	275	0
1	1	0	0	1	111	1	277	1
1	1	0	0	1	112	1	279	0
1	1	0	0	1	113	1	285	0
1	1	0	0	1	114	2	291	292	0	0
1	1	0	0	1	115	1	294	0
1	1	0	0	1	116	1	301	0
1	1	0	0	1	117	2	310	311	0	0
1	1	0	0	1	118	3	313	3993	3994	0	0	0
1	1	0	0	1	119	2	313	1651	0	0
1	1	0	0	1	120	1	316	0
1	1	0	0	1	121	4	321	4644	4645	4646	0	0	0	1
1	1	0	0	1	122	2	321	3714	0	0
1	1	0	0	1	123	1	322	0
1	1	0	0	1	124	1	326	0
1	1	0	0	1	125	2	329	4302	0	0
1	1	0	0	1	126	3	330	2838	2839	0	1	0
1	1	0	0	1	127	2	331	3137	0	0
1	1	0	0	1	128	1	334	0
1	1	0	0	1	129	3	333	334	1214	0	0	0
1	1	0	0	1	130	0
1	1	0	0	1	131	2	338	2965	1	0
1	1	0	0	1	132	2	339	862	0	0
1	1	0	0	1	133	4	353	354	355	3608	0	1	0	0
1	1	0	0	1	134	1	1001	0
1	1	0	0	1	135	2	357	1831	0	0
1	1	0	0	1	136	2	357	2139	0	0
1	1	0	0	1	137	4	360	361	2077	2078	1	0	0	1
1	1	0	0	1	138	3	363	364	365	0	0	0
1	1	0	0	1	139	4	363	364	365	4090	0	0	0	0
1	1	0	0	1	140	2	365	821	0	0
1	1	0	0	1	141	1	366	0
1	1	0	0	1	142	1	371	0
1	1	0	0	1	143	1	372	0
1	1	0	0	1	144	1	375	0
1	1	0	0	1	145	1	376	1
1	1	0	0	1	146	3	378	839	840	0	0	0
1	1	0	0	1	147	2	379	380	1	0
1	1	0	0	1	148	1	387	0
1	1	0	0	1	149	1	391	1
1	1	0	0	1	150	2	392	639	0	0
1	1	0	0	1	151	1	393	0
1	1	0	0	1	152	2	401	4636	0	0
1	1	0	0	1	153	1	404	0
1	1	0	0	1	154	4	405	406	407	3110	0	0	0	0
1	1	0	0	1	155	2	408	4829	0	0
1	1	0	0	1	156	1	411	0
1	1	0	0	1	157	1	416	1
1	1	0	0	1	158	2	416	417	0	0
1	1	0	0	1	159	1	419	0
1	1	0	0	1	160	1	420	0
1	1	0	0	1	161	1	422	1
1	1	0	0	1	162	2	425	426	1	0
1	1	0	0	1	163	1	428	0
1	1	0	0	1	164	2	428	4324	1	0
1	1	0	0	1	165	3	429	430	431	1	0	0
1	1	0	0	1	166	4	429	430	431	4432	1	0	0	0
1	1	0	0	1	167	1	435	0
1	1	0	0	1	168	2	435	1332	1	0
1	1	0	0	1	169	3	441	442	2375	1	0	0
1	1	0	0	1	170	2	443	1701	0	0
1	1	0	0	1	171	4	446	447	448	449	0	1	0	0
1	1	0	0	1	172	2	450	451	0	1
1	1	0	0	1	173	3	454	3870	3871	0	0	1
1	1	0	0	1	174	2	455	3925	0	1
1	1	0	0	1	175	2	455	1470	0	0
1	1	0	0	1	176	2	456	457	0	0
1	1	0	0	1	177	3	460	1225	1226	0	0	1
1	1	0	0	1	178	2	461	3307	1	0
1	1	0	0	1	179	3	463	464	4503	1	0	0
1	1	0	0	1	180	2	472	4524	0	1
1	1	0	0	1	181	2	473	1072	0	0
1	1	0	0	1	182	1	474	0
1	1	0	0	1	183	1	475	0
1	1	0	0	1	184	0
1	1	0	0	1	185	1	480	0
1	1	0	0	1	186	1	480	0
1	1	0	0	1	187	3	484	485	486	0	0	0
1	1	0	0	1	188	7	487	488	489	4427	4428	4429	4430	1	0	0	1	0	0	0
1	1	0	0	1	189	2	490	4724	0	0
1	1	0	0	1	190	1	490	0
1	1	0	0	1	191	1	494	0
1	1	0	0	1	192	2	499	2138	1	0
1	1	0	0	1	193	2	500	2175	0	0
1	1	0	0	1	194	1	510	0
1	1	0	0	1	195	1	510	1
1	1	0	0	1	196	2	511	3373	1	0
1	1	0	0	1	197	3	522	523	553	1	0	0
1	1	0	0	1	198	1	524	0
1	1	0	0	1	199	1	526	0
1	1	0	0	1	200	2	529	530	0	0
1	1	0	0	1	201	2	533	534	0	1
1	1	0	0	1	202	1	538	1
1	1	0	0	1	203	2	539	4301	0	0
1	1	0	0	1	204	1	541	1
1	1	0	0	1	205	1	543	0
1	1	0	0	1	206	1	544	1
1	1	0	0	1	207	2	544	545	0	0
1	1	0	0	1	208	3	547	3235	3236	0	0	0
1	1	0	0	1	209	2	548	3505	0	0
1	1	0	0	1	210	1	548	0
1	1	0	0	1	211	1	549	1
1	1	0	0	1	212	1	550	1
1	1	0	0	1	213	2	553	815	1	1
1	1	0	0	1	214	1	554	0
1	1	0	0	1	215	1	558	1
1	1	0	0	1	216	1	558	0
1	1	0	0	1	217	3	564	565	4758	1	1	1
1	1	0	0	1	218	2	566	1797	0	1
1	1	0	0	1	219	1	567	0
1	1	0	0	1	220	1	569	0
1	1	0	0	1	221	1	569	0
1	1	0	0	1	222	2	574	2015	0	0
1	1	0	0	1	223	2	576	577	0	0
1	1	0	0	1	224	3	578	579	1931	0	0	1
1	1	0	0	1	225	1	580	1
1	1	0	0	1	226	1	590	0
1	1	0	0	1	227	1	591	0
1	1	0	0	1	228	1	603	0
1	1	0	0	1	229	1	604	0
1	1	0	0	1	230	2	605	606	1	0
1	1	0	0	1	231	2	610	3087	0	0
1	1	0	0	1	232	1	616	0
1	1	0	0	1	233	1	616	0
1	1	0	0	1	234	1	618	1
1	1	0	0	1	235	2	619	664	0	0
1	1	0	0	1	236	1	4538	0
1	1	0	0	1	237	1	620	0
1	1	0	0	1	238	1	622	0
1	1	0	0	1	239	2	626	627	0	0
1	1	0	0	1	240	2	626	627	0	0
1	1	0	0	1	241	1	633	0
1	1	0	0	1	242	3	637	3016	3017	0	0	0
1	1	0	0	1	243	0
1	1	0	0	1	244	1	638	0
1	1	0	0	1	245	1	646	1
1	1	0	0	1	246	2	648	668	0	0
1	1	0	0	1	247	2	649	650	0	0
1	1	0	0	1	248	3	650	3257	3258	1	0	0
1	1	0	0	1	249	1	650	0
1	1	0	0	1	250	0
1	1	0	0	1	251	0
1	1	0	0	1	252	2	657	2244	0	0
1	1	0	0	1	253	2	660	1344	1	0
1	1	0	0	1	254	1	664	0
1	1	0	0	1	255	3	666	667	1318	0	0	0
1	1	0	0	1	256	2	676	2398	0	0
1	1	0	0	1	257	1	678	0
1	1	0	0	1	258	1	680	0
1	1	0	0	1	259	2	681	1596	0	0
1	1	0	0	1	260	1	683	0
1	1	0	0	1	261	4	692	693	694	695	0	0	0	0
1	1	0	0	1	262	0
1	1	0	0	1	263	1	704	0
1	1	0	0	1	264	1	704	0
1	1	0	0	1	265	2	708	2252	0	0
1	1	0	0	1	266	1	712	1
1	1	0	0	1	267	2	713	714	0	0
1	1	0	0	1	268	1	714	0
1	1	0	0	1	269	1	715	0
1	1	0	0	1	270	5	715	716	717	4486	4487	0	0	0	0	1
1	1	0	0	1	271	1	721	0
1	1	0	0	1	272	1	722	1
1	1	0	0	1	273	2	723	2414	1	1
1	1	0	0	1	274	2	723	2032	0	0
1	1	0	0	1	275	1	724	0
1	1	0	0	1	276	1	725	0
1	1	0	0	1	277	2	735	1973	1	0
1	1	0	0	1	278	1	737	0
1	1	0	0	1	279	3	738	739	740	0	0	0
1	1	0	0	1	280	1	742	0
1	1	0	0	1	281	2	744	4281	0	0
1	1	0	0	1	282	1	760	0
1	1	0	0	1	283	1	762	1
1	1	0	0	1	284	0
1	1	0	0	1	285	2	767	2095	0	0
1	1	0	0	1	286	2	771	4025	0	0
1	1	0	0	1	287	2	777	778	0	0
1	1	0	0	1	288	2	785	4154	0	0
1	1	0	0	1	289	0
1	1	0	0	1	290	3	788	789	1125	0	0	0
1	1	0	0	1	291	1	790	0
1	1	0	0	1	292	3	792	793	794	0	0	1
1	1	0	0	1	293	2	793	794	0	0
1	1	0	0	1	294	1	797	1
1	1	0	0	1	295	2	799	903	0	0
1	1	0	0	1	296	2	801	3695	1	0
1	1	0	0	1	297	2	804	805	1	1
1	1	0	0	1	298	1	806	0
1	1	0	0	1	299	7	811	812	813	814	2064	2065	2066	1	1	0	1	0	0	0
1	1	0	0	1	300	3	820	3315	3316	0	0	0
1	1	0	0	1	301	1	823	0
1	1	0	0	1	302	3	825	826	827	0	0	0
1	1	0	0	1	303	2	829	3767	0	0
1	1	0	0	1	304	1	829	1
1	1	0	0	1	305	1	832	0
1	1	0	0	1	306	2	832	1008	0	0
1	1	0	0	1	307	3	836	3244	3245	1	0	0
1	1	0	0	1	308	1	837	0
1	1	0	0	1	309	2	841	842	0	1
1	1	0	0	1	310	1	843	0
1	1	0	0	1	311	5	844	845	846	1064	1065	0	0	0	1	1
1	1	0	0	1	312	1	851	1
1	1	0	0	1	313	1	851	0
1	1	0	0	1	314	1	851	0
1	1	0	0	1	315	2	856	857	0	0
1	1	0	0	1	316	3	862	4078	4079	0	1	0
1	1	0	0	1	317	2	865	866	0	0
1	1	0	0	1	318	2	866	2726	1	0
1	1	0	0	1	319	3	867	868	869	0	0	0
1	1	0	0	1	320	1	872	0
1	1	0	0	1	321	3	885	886	4205	0	0	1
1	1	0	0	1	322	2	888	1403	0	0
1	1	0	0	1	323	1	890	0
1	1	0	0	1	324	4	895	4111	4112	4113	0	1	0	0
1	1	0	0	1	325	0
1	1	0	0	1	326	1	917	0
1	1	0	0	1	327	3	921	922	923	1	0	1
1	1	0	0	1	328	2	925	3436	0	0
1	1	0	0	1	329	1	925	0
1	1	0	0	1	330	2	927	928	0	1
1	1	0	0	1	331	1	929	0
1	1	0	0	1	332	1	931	0
1	1	0	0	1	333	0
1	1	0	0	1	334	3	936	1929	1930	0	0	0
1	1	0	0	1	335	1	1274	0
1	1	0	0	1	336	2	941	1907	0	0
1	1	0	0	1	337	1	941	0
1	1	0	0	1	338	1	944	0
1	1	0	0	1	339	1	945	0
1	1	0	0	1	340	1	950	1
1	1	0	0	1	341	1	950	0
1	1	0	0	1	342	2	951	2206	0	0
1	1	0	0	1	343	1	953	1
1	1	0	0	1	344	1	958	0
1	1	0	0	1	345	2	959	3859	0	0
1	1	0	0	1	346	1	978	0
1	1	0	0	1	347	1	979	0
1	1	0	0	1	348	2	982	983	1	0
1	1	0	0	1	349	1	984	0
1	1	0	0	1	350	3	985	986	3648	0	0	0
1	1	0	0	1	351	2	997	4177	0	0
1	1	0	0	1	352	1	998	0
1	1	0	0	1	353	2	999	1000	1	0
1	1	0	0	1	354	1	1001	0
1	1	0	0	1	355	2	1001	1651	0	0
1	1	0	0	1	356	3	1003	1848	1849	0	1	0
1	1	0	0	1	357	2	1004	4672	0	0
1	1	0	0	1	358	1	1008	0
1	1	0	0	1	359	1	1011	0
1	1	0	0	1	360	2	1011	1417	0	1
1	1	0	0	1	361	2	1012	4312	0	0
1	1	0	0	1	362	1	1905	0
1	1	0	0	1	363	3	1023	4845	4846	0	0	0
1	1	0	0	1	364	1	1023	0
1	1	0	0	1	365	2	1027	4408	0	0
1	1	0	0	1	366	1	1028	0
1	1	0	0	1	367	2	1029	3308	0	1
1	1	0	0	1	368	1	1031	1
1	1	0	0	1	369	3	1043	4059	4060	0	0	0
1	1	0	0	1	370	1	1045	0
1	1	0	0	1	371	3	1045	2944	2945	0	0	0
1	1	0	0	1	372	1	1046	0
1	1	0	0	1	373	2	1051	1749	0	0
1	1	0	0	1	374	1	1055	0
1	1	0	0	1	375	1	1058	0
1	1	0	0	1	376	2	1058	4823	0	0
1	1	0	0	1	377	2	1060	1536	1	0
1	1	0	0	1	378	1	1061	0
1	1	0	0	1	379	0
1	1	0	0	1	380	1	1067	0
1	1	0	0	1	381	3	1068	1069	2672	0	0	0
1	1	0	0	1	382	3	1083	1580	1581	0	0	0
1	1	0	0	1	383	1	1086	0
1	1	0	0	1	384	2	1093	2700	1	0
1	1	0	0	1	385	3	1106	1107	4041	0	0	1
1	1	0	0	1	386	1	1108	0
1	1	0	0	1	387	2	1112	1742	0	0
1	1	0	0	1	388	3	1113	3819	3820	0	0	1
1	1	0	0	1	389	1	1121	0
1	1	0	0	1	390	1	1125	0
1	1	0	0	1	391	2	1133	1591	0	0
1	1	0	0	1	392	1	1136	0
1	1	0	0	1	393	4	1137	1138	1139	1140	0	1	1	0
1	1	0	0	1	394	2	1142	1143	0	0
1	1	0	0	1	395	1	1161	0
1	1	0	0	1	396	2	1162	4422	0	0
1	1	0	0	1	397	2	1166	4345	0	1
1	1	0	0	1	398	1	1167	0
1	1	0	0	1	399	2	1167	1168	1	0
1	1	0	0	1	400	2	1168	1183	0	0
1	1	0	0	1	401	1	1171	0
1	1	0	0	1	402	2	1171	2354	0	1
1	1	0	0	1	403	3	1173	1174	2009	0	1	0
1	1	0	0	1	404	1	1177	0
1	1	0	0	1	405	1	1181	1
1	1	0	0	1	406	1	1182	0
1	1	0	0	1	407	2	1187	1494	0	0
1	1	0	0	1	408	1	1192	0
1	1	0	0	1	409	2	1193	3532	1	1
1	1	0	0	1	410	1	1193	0
1	1	0	0	1	411	1	1197	0
1	1	0	0	1	412	3	1208	1209	2844	0	0	0
1	1	0	0	1	413	4	1212	1220	1221	1222	0	0	0	0
1	1	0	0	1	414	2	1212	1689	0	1
1	1	0	0	1	415	1	1215	0
1	1	0	0	1	416	3	1216	1217	3212	0	0	0
1	1	0	0	1	417	1	1218	0
1	1	0	0	1	418	1	1228	0
1	1	0	0	1	419	4	1232	3402	3403	3404	0	0	0	0
1	1	0	0	1	420	1	1233	0
1	1	0	0	1	421	1	1234	0
1	1	0	0	1	422	2	1238	4822	0	0
1	1	0	0	1	423	2	1238	1239	0	0
1	1	0	0	1	424	1	1242	0
1	1	0	0	1	425	1	1246	0
1	1	0	0	1	426	1	1253	0
1	1	0	0	1	427	2	1253	1254	0	0
1	1	0	0	1	428	3	1254	3588	3589	0	0	0
1	1	0	0	1	429	1	1255	0
1	1	0	0	1	430	1	1256	1
1	1	0	0	1	431	1	1263	1
1	1	0	0	1	432	2	1264	1265	0	0
1	1	0	0	1	433	1	1270	0
1	1	0	0	1	434	1	1275	0
1	1	0	0	1	435	1	1282	0
1	1	0	0	1	436	1	1288	0
1	1	0	0	1	437	2	1288	1964	0	0
1	1	0	0	1	438	2	1289	1863	0	0
1	1	0	0	1	439	3	1290	1291	1292	0	0	0
1	1	0	0	1	440	4	1294	1295	2801	2802	1	0	0	0
1	1	0	0	1	441	3	1297	1298	1299	0	0	0
1	1	0	0	1	442	1	1305	0
1	1	0	0	1	443	1	1307	0
1	1	0	0	1	444	1	1307	0
1	1	0	0	1	445	2	1308	2058	0	0
1	1	0	0	1	446	3	1309	3468	3469	0	0	0
1	1	0	0	1	447	3	1311	1312	2620	0	0	0
1	1	0	0	1	448	2	1312	1313	0	0
1	1	0	0	1	449	1	1316	0
1	1	0	0	1	450	1	1316	0
1	1	0	0	1	451	0
1	1	0	0	1	452	1	1318	0
1	1	0	0	1	453	2	1322	1597	0	0
1	1	0	0	1	454	1	1334	0
1	1	0	0	1	455	1	1337	0
1	1	0	0	1	456	2	1337	4387	0	1
1	1	0	0	1	457	4	1343	1531	1532	1533	0	0	0	1
1	1	0	0	1	458	1	1346	0
1	1	0	0	1	459	1	1346	0
1	1	0	0	1	460	3	1346	1347	3163	0	0	0
1	1	0	0	1	461	2	1346	1347	0	0
1	1	0	0	1	462	1	1348	1
1	1	0	0	1	463	1	1348	0
1	1	0	0	1	464	1	1350	1
1	1	0	0	1	465	2	1356	2974	0	0
1	1	0	0	1	466	1	1356	0
1	1	0	0	1	467	2	1357	1358	0	0
1	1	0	0	1	468	1	1358	0
1	1	0	0	1	469	1	1360	0
1	1	0	0	1	470	1	1361	0
1	1	0	0	1	471	2	1364	2434	0	0
1	1	0	0	1	472	1	1379	0
1	1	0	0	1	473	2	1380	1381	0	0
1	1	0	0	1	474	3	1380	1381	1382	0	0	0
1	1	0	0	1	475	2	1383	4673	1	0
1	1	0	0	1	476	1	1384	0
1	1	0	0	1	477	2	1386	1525	0	0
1	1	0	0	1	478	1	1387	0
1	1	0	0	1	479	1	1393	0
1	1	0	0	1	480	1	1394	0
1	1	0	0	1	481	1	1394	0
1	1	0	0	1	482	1	3745	0
1	1	0	0	1	483	1	1401	0
1	1	0	0	1	484	1	1401	0
1	1	0	0	1	485	1	1404	0
1	1	0	0	1	486	1	1407	0
1	1	0	0	1	487	1	1407	0
1	1	0	0	1	488	1	1408	0
1	1	0	0	1	489	3	1409	3954	3955	1	0	0
1	1	0	0	1	490	4	1412	1413	1414	1442	0	0	0	1
1	1	0	0	1	491	1	1415	0
1	1	0	0	1	492	2	1416	4876	0	1
1	1	0	0	1	493	1	1417	1
1	1	0	0	1	494	1	1420	1
1	1	0	0	1	495	1	1420	0
1	1	0	0	1	496	1	1425	0
1	1	0	0	1	497	1	1425	0
1	1	0	0	1	498	1	1426	0
1	1	0	0	1	499	2	1428	1429	0	0
1	1	0	0	1	500	1	1440	0
1	1	0	0	1	501	1	1443	0
1	1	0	0	1	502	1	1444	0
1	1	0	0	1	503	1	1448	0
1	1	0	0	1	504	3	1449	1450	1451	0	1	0
1	1	0	0	1	505	1	1452	1
1	1	0	0	1	506	1	1452	0
1	1	0	0	1	507	1	1454	0
1	1	0	0	1	508	3	1454	2697	2698	0	0	1
1	1	0	0	1	509	2	1455	4418	1	0
1	1	0	0	1	510	3	1456	1457	2223	0	0	1
1	1	0	0	1	511	1	1458	0
1	1	0	0	1	512	2	1462	1463	0	0
1	1	0	0	1	513	1	1464	0
1	1	0	0	1	514	2	1464	4589	0	0
1	1	0	0	1	515	4	1464	1465	1466	1990	0	0	0	0
1	1	0	0	1	516	2	1465	1466	0	0
1	1	0	0	1	517	2	1470	3136	0	0
1	1	0	0	1	518	1	1470	1
1	1	0	0	1	519	1	1470	0
1	1	0	0	1	520	1	1471	1
1	1	0	0	1	521	3	1478	2650	2651	0	0	1
1	1	0	0	1	522	2	1483	2305	0	1
1	1	0	0	1	523	1	1486	0
1	1	0	0	1	524	2	1489	1490	0	0
1	1	0	0	1	525	1	1497	0
1	1	0	0	1	526	1	1500	0
1	1	0	0	1	527	1	1505	0
1	1	0	0	1	528	3	1509	4751	4752	0	0	0
1	1	0	0	1	529	2	1517	1518	0	0
1	1	0	0	1	530	1	1519	0
1	1	0	0	1	531	1	1522	0
1	1	0	0	1	532	2	1525	1711	1	0
1	1	0	0	1	533	3	1531	1532	1533	0	0	0
1	1	0	0	1	534	1	1539	0
1	1	0	0	1	535	1	1542	0
1	1	0	0	1	536	1	1549	0
1	1	0	0	1	537	2	1553	1581	0	0
1	1	0	0	1	538	1	3214	1
1	1	0	0	1	539	2	1556	1557	0	1
1	1	0	0	1	540	1	1558	0
1	1	0	0	1	541	2	1558	2007	0	0
1	1	0	0	1	542	1	1568	0
1	1	0	0	1	543	3	1569	2565	2566	0	0	1
1	1	0	0	1	544	1	1574	0
1	1	0	0	1	545	2	1579	4362	0	0
1	1	0	0	1	546	1	1584	1
1	1	0	0	1	547	2	1585	1586	0	0
1	1	0	0	1	548	2	1588	4347	0	0
1	1	0	0	1	549	1	1591	0
1	1	0	0	1	550	2	1591	2171	0	1
1	1	0	0	1	551	1	1591	1
1	1	0	0	1	552	1	1593	0
1	1	0	0	1	553	1	1595	1
1	1	0	0	1	554	2	1595	2616	0	0
1	1	0	0	1	555	1	1596	0
1	1	0	0	1	556	1	1597	0
1	1	0	0	1	557	1	1597	0
1	1	0	0	1	558	2	1600	2889	0	0
1	1	0	0	1	559	1	1602	0
1	1	0	0	1	560	2	1609	1610	0	0
1	1	0	0	1	561	4	1611	1612	2254	2255	0	0	0	0
1	1	0	0	1	562	1	1612	0
1	1	0	0	1	563	1	1614	0
1	1	0	0	1	564	4	1621	1622	1623	2160	1	0	0	1
1	1	0	0	1	565	1	1630	1
1	1	0	0	1	566	3	1633	1634	1635	0	0	0
1	1	0	0	1	567	3	1634	1635	1636	0	0	0
1	1	0	0	1	568	2	1637	1638	0	0
1	1	0	0	1	569	1	1638	0
1	1	0	0	1	570	1	1639	0
1	1	0	0	1	571	2	1642	1643	1	0
1	1	0	0	1	572	1	1644	0
1	1	0	0	1	573	2	1644	2874	0	1
1	1	0	0	1	574	1	1644	0
1	1	0	0	1	575	0
1	1	0	0	1	576	2	1647	1648	0	1
1	1	0	0	1	577	1	1650	0
1	1	0	0	1	578	1	1651	0
1	1	0	0	1	579	1	1654	0
1	1	0	0	1	580	3	1654	3617	3618	0	1	1
1	1	0	0	1	581	1	1660	0
1	1	0	0	1	582	2	1663	2143	0	0
1	1	0	0	1	583	2	1669	1670	0	0
1	1	0	0	1	584	2	1673	3654	0	0
1	1	0	0	1	585	1	1675	0
1	1	0	0	1	586	1	1680	0
1	1	0	0	1	587	1	1682	0
1	1	0	0	1	588	1	1682	0
1	1	0	0	1	589	1	1683	0
1	1	0	0	1	590	2	1689	3801	1	0
1	1	0	0	1	591	0
1	1	0	0	1	592	3	1698	1699	1986	1	0	0
1	1	0	0	1	593	2	1701	3827	0	0
1	1	0	0	1	594	1	1701	0
1	1	0	0	1	595	4	3513	3514	3515	3516	0	0	0	0
1	1	0	0	1	596	1	1702	0
1	1	0	0	1	597	1	1703	1
1	1	0	0	1	598	1	1710	0
1	1	0	0	1	599	1	1710	0
1	1	0	0	1	600	2	1710	1959	0	0
1	1	0	0	1	601	4	1713	1714	2736	2737	0	0	0	1
1	1	0	0	1	602	3	1713	1714	2512	0	0	0
1	1	0	0	1	603	2	1717	1871	0	0
1	1	0	0	1	604	1	1718	1
1	1	0	0	1	605	1	1719	0
1	1	0	0	1	606	1	1720	0
1	1	0	0	1	607	1	1723	0
1	1	0	0	1	608	1	1726	0
1	1	0	0	1	609	1	1727	1
1	1	0	0	1	610	2	1729	4213	0	1
1	1	0	0	1	611	1	1731	0
1	1	0	0	1	612	2	1738	4336	0	0
1	1	0	0	1	613	2	1744	1745	0	0
1	1	0	0	1	614	2	1745	2675	1	1
1	1	0	0	1	615	0
1	1	0	0	1	616	1	1745	0
1	1	0	0	1	617	0
1	1	0	0	1	618	2	1747	1756	0	1
1	1	0	0	1	619	2	1749	4787	0	0
1	1	0	0	1	620	1	1751	0
1	1	0	0	1	621	1	1751	0
1	1	0	0	1	622	2	1752	1753	0	1
1	1	0	0	1	623	1	1755	1
1	1	0	0	1	624	0
1	1	0	0	1	625	2	1765	1766	0	0
1	1	0	0	1	626	0
1	1	0	0	1	627	1	1767	0
1	1	0	0	1	628	1	1770	0
1	1	0	0	1	629	1	1778	0
1	1	0	0	1	630	1	1782	0
1	1	0	0	1	631	2	1784	2448	0	0
1	1	0	0	1	632	2	1784	1785	0	0
1	1	0	0	1	633	1	1788	0
1	1	0	0	1	634	1	1791	0
1	1	0	0	1	635	3	1798	4571	4572	1	0	0
1	1	0	0	1	636	1	1799	0
1	1	0	0	1	637	2	1801	3720	0	1
1	1	0	0	1	638	1	1801	0
1	1	0	0	1	639	1	1806	1
1	1	0	0	1	640	1	1809	0
1	1	0	0	1	641	3	1810	1811	4721	0	0	0
1	1	0	0	1	642	2	1810	1811	0	0
1	1	0	0	1	643	2	1810	1811	0	0
1	1	0	0	1	644	1	1812	0
1	1	0	0	1	645	1	1816	0
1	1	0	0	1	646	2	1818	3875	1	1
1	1	0	0	1	647	2	1825	4553	0	0
1	1	0	0	1	648	1	1831	0
1	1	0	0	1	649	1	1832	0
1	1	0	0	1	650	1	1836	1
1	1	0	0	1	651	3	1836	4858	4859	0	0	0
1	1	0	0	1	652	1	1837	0
1	1	0	0	1	653	2	1838	3914	0	0
1	1	0	0	1	654	1	1842	0
1	1	0	0	1	655	2	1843	1874	0	0
1	1	0	0	1	656	1	1845	0
1	1	0	0	1	657	1	1850	0
1	1	0	0	1	658	2	1850	1851	0	0
1	1	0	0	1	659	2	1855	1856	0	0
1	1	0	0	1	660	1	1858	0
1	1	0	0	1	661	2	1859	2434	0	0
1	1	0	0	1	662	2	1861	2402	0	0
1	1	0	0	1	663	1	1863	1
1	1	0	0	1	664	0
1	1	0	0	1	665	1	1869	0
1	1	0	0	1	666	2	1877	2706	0	0
1	1	0	0	1	667	1	1877	0
1	1	0	0	1	668	1	1885	0
1	1	0	0	1	669	1	1888	0
1	1	0	0	1	670	0
1	1	0	0	1	671	1	1890	0
1	1	0	0	1	672	3	1895	2480	2481	0	0	0
1	1	0	0	1	673	1	1906	0
1	1	0	0	1	674	1	1909	0
1	1	0	0	1	675	0
1	1	0	0	1	676	1	1911	0
1	1	0	0	1	677	1	1911	0
1	1	0	0	1	678	1	1913	0
1	1	0	0	1	679	2	1913	2374	1	1
1	1	0	0	1	680	1	1914	0
1	1	0	0	1	681	1	1914	0
1	1	0	0	1	682	2	1915	2010	0	0
1	1	0	0	1	683	1	1920	0
1	1	0	0	1	684	1	1920	0
1	1	0	0	1	685	1	1921	0
1	1	0	0	1	686	1	1926	0
1	1	0	0	1	687	1	1933	0
1	1	0	0	1	688	0
1	1	0	0	1	689	3	1934	1935	1936	0	0	0
1	1	0	0	1	690	7	1934	1935	1936	1937	1938	1939	1940	0	1	0	0	0	0	0
1	1	0	0	1	691	6	1934	1935	1936	1938	1939	1940	0	0	0	0	0	0
1	1	0	0	1	692	4	1941	4181	4182	4183	0	0	1	1
1	1	0	0	1	693	2	1942	1943	0	0
1	1	0	0	1	694	2	1943	1944	0	0
1	1	0	0	1	695	1	1945	0
1	1	0	0	1	696	5	1946	1947	1948	1949	1950	1	0	0	0	0
1	1	0	0	1	697	1	1958	0
1	1	0	0	1	698	2	1962	3932	0	1
1	1	0	0	1	699	1	1964	0
1	1	0	0	1	700	1	1977	0
1	1	0	0	1	701	2	1980	2961	0	1
1	1	0	0	1	702	1	1983	0
1	1	0	0	1	703	2	1983	3518	0	0
1	1	0	0	1	704	1	1984	0
1	1	0	0	1	705	1	1986	0
1	1	0	0	1	706	1	1988	0
1	1	0	0	1	707	2	1989	2656	0	0
1	1	0	0	1	708	1	1994	0
1	1	0	0	1	709	2	1994	2888	0	0
1	1	0	0	1	710	1	1997	1
1	1	0	0	1	711	2	2001	2002	1	0
1	1	0	0	1	712	3	2001	2002	3718	1	0	0
1	1	0	0	1	713	2	2003	2276	0	1
1	1	0	0	1	714	1	2003	1
1	1	0	0	1	715	1	2006	0
1	1	0	0	1	716	1	2009	0
1	1	0	0	1	717	1	2014	0
1	1	0	0	1	718	1	2015	0
1	1	0	0	1	719	2	2018	3048	1	0
1	1	0	0	1	720	1	2026	1
1	1	0	0	1	721	1	2034	0
1	1	0	0	1	722	1	2040	0
1	1	0	0	1	723	1	2042	0
1	1	0	0	1	724	1	2045	0
1	1	0	0	1	725	2	2050	4336	0	1
1	1	0	0	1	726	1	2050	0
1	1	0	0	1	727	1	2056	0
1	1	0	0	1	728	3	2064	2065	2066	0	0	0
1	1	0	0	1	729	1	2069	0
1	1	0	0	1	730	3	2070	3362	3363	0	0	0
1	1	0	0	1	731	1	2072	0
1	1	0	0	1	732	2	2084	4289	0	0
1	1	0	0	1	733	2	2091	2672	0	1
1	1	0	0	1	734	3	2091	2760	2761	0	1	0
1	1	0	0	1	735	1	2093	0
1	1	0	0	1	736	3	2094	2640	2641	0	0	0
1	1	0	0	1	737	1	2102	1
1	1	0	0	1	738	2	2102	2104	1	0
1	1	0	0	1	739	2	2107	2108	0	0
1	1	0	0	1	740	1	2109	1
1	1	0	0	1	741	2	2111	2112	0	0
1	1	0	0	1	742	4	2125	4234	4235	4236	0	0	1	0
1	1	0	0	1	743	1	2130	0
1	1	0	0	1	744	1	2131	0
1	1	0	0	1	745	1	2135	0
1	1	0	0	1	746	1	2136	0
1	1	0	0	1	747	1	2137	0
1	1	0	0	1	748	1	2138	0
1	1	0	0	1	749	1	2139	1
1	1	0	0	1	750	2	2143	2783	1	1
1	1	0	0	1	751	1	2163	1
1	1	0	0	1	752	1	2166	0
1	1	0	0	1	753	1	2171	1
1	1	0	0	1	754	1	2173	0
1	1	0	0	1	755	2	2175	2176	0	0
1	1	0	0	1	756	3	2175	2176	4837	0	0	0
1	1	0	0	1	757	1	2176	0
1	1	0	0	1	758	1	2189	0
1	1	0	0	1	759	1	2190	1
1	1	0	0	1	760	1	2191	0
1	1	0	0	1	761	1	2195	0
1	1	0	0	1	762	1	2203	1
1	1	0	0	1	763	1	2219	1
1	1	0	0	1	764	1	2224	0
1	1	0	0	1	765	1	2225	1
1	1	0	0	1	766	1	2226	0
1	1	0	0	1	767	1	2229	0
1	1	0	0	1	768	1	2230	0
1	1	0	0	1	769	2	2235	4768	0	1
1	1	0	0	1	770	2	2238	2239	0	0
1	1	0	0	1	771	2	2238	2239	0	0
1	1	0	0	1	772	2	2241	2242	1	0
1	1	0	0	1	773	2	2247	2248	0	0
1	1	0	0	1	774	2	2252	2337	1	0
1	1	0	0	1	775	2	2252	2335	0	0
1	1	0	0	1	776	1	2253	0
1	1	0	0	1	777	1	2255	0
1	1	0	0	1	778	1	2256	0
1	1	0	0	1	779	2	2260	4834	1	0
1	1	0	0	1	780	1	2260	0
1	1	0	0	1	781	3	2265	2667	2668	0	0	0
1	1	0	0	1	782	1	2268	0
1	1	0	0	1	783	1	2269	0
1	1	0	0	1	784	1	2269	0
1	1	0	0	1	785	1	2273	0
1	1	0	0	1	786	1	2366	0
1	1	0	0	1	787	1	2275	0
1	1	0	0	1	788	0
1	1	0	0	1	789	1	2277	0
1	1	0	0	1	790	1	2283	1
1	1	0	0	1	791	1	2284	0
1	1	0	0	1	792	3	2292	2653	2654	0	1	0
1	1	0	0	1	793	1	2292	0
1	1	0	0	1	794	1	2298	1
1	1	0	0	1	795	0
1	1	0	0	1	796	1	2306	0
1	1	0	0	1	797	1	2308	0
1	1	0	0	1	798	2	2309	2310	0	0
1	1	0	0	1	799	2	2311	2312	0	1
1	1	0	0	1	800	2	2312	4080	1	0
1	1	0	0	1	801	1	2313	0
1	1	0	0	1	802	3	2314	2315	3802	0	0	0
1	1	0	0	1	803	1	2318	1
1	1	0	0	1	804	1	2327	0
1	1	0	0	1	805	0
1	1	0	0	1	806	1	2339	0
1	1	0	0	1	807	1	2345	0
1	1	0	0	1	808	1	2349	0
1	1	0	0	1	809	3	2354	4194	4195	0	0	0
1	1	0	0	1	810	2	2355	2356	0	0
1	1	0	0	1	811	1	2371	0
1	1	0	0	1	812	1	2371	0
1	1	0	0	1	813	0
1	1	0	0	1	814	1	2995	0
1	1	0	0	1	815	2	2380	2381	0	0
1	1	0	0	1	816	1	2385	1
1	1	0	0	1	817	1	2387	0
1	1	0	0	1	818	1	2389	0
1	1	0	0	1	819	2	2393	3875	0	0
1	1	0	0	1	820	2	2396	2397	1	0
1	1	0	0	1	821	2	2396	2397	1	0
1	1	0	0	1	822	1	2398	0
1	1	0	0	1	823	1	2398	0
1	1	0	0	1	824	1	2398	0
1	1	0	0	1	825	1	2398	0
1	1	0	0	1	826	1	2402	0
1	1	0	0	1	827	1	2407	0
1	1	0	0	1	828	2	2408	2409	0	0
1	1	0	0	1	829	3	2410	2411	2412	0	0	0
1	1	0	0	1	830	1	2414	1
1	1	0	0	1	831	1	2416	0
1	1	0	0	1	832	1	2418	0
1	1	0	0	1	833	1	2420	0
1	1	0	0	1	834	1	2426	0
1	1	0	0	1	835	1	2433	0
1	1	0	0	1	836	1	2433	0
1	1	0	0	1	837	1	2436	0
1	1	0	0	1	838	3	2436	3016	3017	0	1	0
1	1	0	0	1	839	1	2436	0
1	1	0	0	1	840	2	2436	2943	0	0
1	1	0	0	1	841	1	2442	0
1	1	0	0	1	842	3	2445	2446	4366	0	0	1
1	1	0	0	1	843	1	2447	0
1	1	0	0	1	844	1	2459	0
1	1	0	0	1	845	1	2460	1
1	1	0	0	1	846	2	2463	3270	0	0
1	1	0	0	1	847	1	2464	0
1	1	0	0	1	848	1	2465	0
1	1	0	0	1	849	2	2468	2469	0	0
1	1	0	0	1	850	1	2469	0
1	1	0	0	1	851	1	2470	0
1	1	0	0	1	852	1	2470	0
1	1	0	0	1	853	1	2471	0
1	1	0	0	1	854	2	2480	2481	0	0
1	1	0	0	1	855	1	2482	0
1	1	0	0	1	856	1	2488	0
1	1	0	0	1	857	2	2497	2498	0	0
1	1	0	0	1	858	2	2505	2621	0	1
1	1	0	0	1	859	3	2509	2510	2511	0	0	0
1	1	0	0	1	860	3	2509	2510	2511	0	0	0
1	1	0	0	1	861	3	2509	2510	2511	0	0	0
1	1	0	0	1	862	1	2511	0
1	1	0	0	1	863	1	2517	1
1	1	0	0	1	864	1	2524	0
1	1	0	0	1	865	2	2528	4289	1	0
1	1	0	0	1	866	1	2530	0
1	1	0	0	1	867	3	2537	2538	4741	1	0	0
1	1	0	0	1	868	2	2537	2538	0	0
1	1	0	0	1	869	1	2545	0
1	1	0	0	1	870	2	2549	2814	0	0
1	1	0	0	1	871	1	2549	1
1	1	0	0	1	872	1	2551	1
1	1	0	0	1	873	1	2556	0
1	1	0	0	1	874	1	2557	0
1	1	0	0	1	875	1	2561	0
1	1	0	0	1	876	0
1	1	0	0	1	877	2	2570	2571	0	0
1	1	0	0	1	878	1	2572	0
1	1	0	0	1	879	3	2573	2574	4440	0	0	0
1	1	0	0	1	880	1	2576	0
1	1	0	0	1	881	1	2577	0
1	1	0	0	1	882	1	2578	0
1	1	0	0	1	883	1	2583	0
1	1	0	0	1	884	1	2588	0
1	1	0	0	1	885	4	2588	3300	3301	3302	1	0	0	0
1	1	0	0	1	886	1	2594	0
1	1	0	0	1	887	1	2596	0
1	1	0	0	1	888	1	2598	0
1	1	0	0	1	889	1	2599	0
1	1	0	0	1	890	1	2602	1
1	1	0	0	1	891	1	2604	0
1	1	0	0	1	892	3	2609	3478	3479	0	0	1
1	1	0	0	1	893	1	2611	0
1	1	0	0	1	894	1	2622	1
1	1	0	0	1	895	1	2627	1
1	1	0	0	1	896	2	2628	3115	0	0
1	1	0	0	1	897	1	2630	0
1	1	0	0	1	898	1	2636	0
1	1	0	0	1	899	2	2645	2646	0	1
1	1	0	0	1	900	2	2650	2651	0	1
1	1	0	0	1	901	1	2652	0
1	1	0	0	1	902	3	2653	2654	4327	1	0	0
1	1	0	0	1	903	1	2658	0
1	1	0	0	1	904	2	2658	2659	0	0
1	1	0	0	1	905	0
1	1	0	0	1	906	1	2664	0
1	1	0	0	1	907	1	2665	1
1	1	0	0	1	908	1	2665	1
1	1	0	0	1	909	1	2672	0
1	1	0	0	1	910	2	2678	4620	0	0
1	1	0	0	1	911	1	2685	0
1	1	0	0	1	912	2	2690	2938	0	0
1	1	0	0	1	913	1	2690	0
1	1	0	0	1	914	1	2693	0
1	1	0	0	1	915	1	2695	0
1	1	0	0	1	916	1	2700	1
1	1	0	0	1	917	1	2701	0
1	1	0	0	1	918	1	2701	0
1	1	0	0	1	919	2	2708	2709	0	1
1	1	0	0	1	920	1	2712	0
1	1	0	0	1	921	1	2714	0
1	1	0	0	1	922	1	2718	0
1	1	0	0	1	923	1	2722	1
1	1	0	0	1	924	2	2723	2724	1	0
1	1	0	0	1	925	1	2726	0
1	1	0	0	1	926	1	2734	0
1	1	0	0	1	927	1	2738	0
1	1	0	0	1	928	1	2741	0
1	1	0	0	1	929	1	2741	0
1	1	0	0	1	930	2	2743	3518	0	0
1	1	0	0	1	931	1	2743	0
1	1	0	0	1	932	1	2745	0
1	1	0	0	1	933	0
1	1	0	0	1	934	1	2751	0
1	1	0	0	1	935	2	2753	2754	0	1
1	1	0	0	1	936	1	2759	1
1	1	0	0	1	937	1	2763	0
1	1	0	0	1	938	1	3404	0
1	1	0	0	1	939	1	2775	0
1	1	0	0	1	940	1	2778	0
1	1	0	0	1	941	1	2780	0
1	1	0	0	1	942	2	2783	4533	1	0
1	1	0	0	1	943	2	2787	2829	1	0
1	1	0	0	1	944	3	2791	2792	2793	1	0	1
1	1	0	0	1	945	2	2803	4411	0	0
1	1	0	0	1	946	1	2806	0
1	1	0	0	1	947	1	2806	0
1	1	0	0	1	948	1	2807	1
1	1	0	0	1	949	1	2807	1
1	1	0	0	1	950	3	2810	2811	2812	1	0	0
1	1	0	0	1	951	2	2811	2812	0	0
1	1	0	0	1	952	1	2813	0
1	1	0	0	1	953	1	2818	0
1	1	0	0	1	954	1	2819	1
1	1	0	0	1	955	1	2822	0
1	1	0	0	1	956	2	2828	3745	0	0
1	1	0	0	1	957	2	2835	2836	0	0
1	1	0	0	1	958	2	2838	2839	1	0
1	1	0	0	1	959	1	2840	0
1	1	0	0	1	960	4	2841	2842	2843	2844	0	1	0	0
1	1	0	0	1	961	4	2841	2842	2843	2844	0	1	0	0
1	1	0	0	1	962	2	2849	4559	0	0
1	1	0	0	1	963	2	2849	4012	0	0
1	1	0	0	1	964	1	2851	0
1	1	0	0	1	965	1	2854	1
1	1	0	0	1	966	1	2858	0
1	1	0	0	1	967	2	2861	2862	0	0
1	1	0	0	1	968	1	2872	0
1	1	0	0	1	969	1	2874	0
1	1	0	0	1	970	1	2893	1
1	1	0	0	1	971	2	2895	4318	0	0
1	1	0	0	1	972	1	2898	0
1	1	0	0	1	973	0
1	1	0	0	1	974	2	2911	2912	0	1
1	1	0	0	1	975	2	2913	3213	1	0
1	1	0	0	1	976	1	2913	0
1	1	0	0	1	977	1	2914	0
1	1	0	0	1	978	1	2932	0
1	1	0	0	1	979	2	2942	2943	0	0
1	1	0	0	1	980	2	2946	2947	0	1
1	1	0	0	1	981	3	2953	4238	4239	0	0	0
1	1	0	0	1	982	2	2954	4266	0	0
1	1	0	0	1	983	5	2962	2963	2964	3182	3183	1	1	0	0	0
1	1	0	0	1	984	2	2967	4201	1	0
1	1	0	0	1	985	1	2968	0
1	1	0	0	1	986	1	2976	0
1	1	0	0	1	987	1	2977	0
1	1	0	0	1	988	1	2979	0
1	1	0	0	1	989	1	2984	0
1	1	0	0	1	990	1	2987	1
1	1	0	0	1	991	1	2994	0
1	1	0	0	1	992	1	3000	0
1	1	0	0	1	993	1	3001	0
1	1	0	0	1	994	1	3002	1
1	1	0	0	1	995	1	3010	0
1	1	0	0	1	996	2	3012	3081	0	0
1	1	0	0	1	997	2	3015	4013	0	0
1	1	0	0	1	998	2	3016	3017	0	0
1	1	0	0	1	999	3	3019	3020	3021	0	0	0
1	1	0	0	1	1000	1	3024	0
1	1	0	0	1	1001	1	3024	1
1	1	0	0	1	1002	1	3028	0
1	1	0	0	1	1003	1	3029	0
1	1	0	0	1	1004	1	3029	0
1	1	0	0	1	1005	1	3029	0
1	1	0	0	1	1006	1	3031	0
1	1	0	0	1	1007	1	3032	1
1	1	0	0	1	1008	1	3038	1
1	1	0	0	1	1009	3	3047	3048	4719	1	0	1
1	1	0	0	1	1010	1	3050	0
1	1	0	0	1	1011	2	3050	4713	0	0
1	1	0	0	1	1012	4	3054	3055	3056	4283	0	0	1	0
1	1	0	0	1	1013	3	3060	3061	4143	0	0	1
1	1	0	0	1	1014	0
1	1	0	0	1	1015	1	3084	0
1	1	0	0	1	1016	1	3087	0
1	1	0	0	1	1017	2	3095	3096	0	0
1	1	0	0	1	1018	1	3100	0
1	1	0	0	1	1019	1	3102	0
1	1	0	0	1	1020	1	3111	0
1	1	0	0	1	1021	1	3113	0
1	1	0	0	1	1022	1	3116	0
1	1	0	0	1	1023	2	3118	3119	0	0
1	1	0	0	1	1024	1	3120	0
1	1	0	0	1	1025	3	3122	3123	3124	0	1	0
1	1	0	0	1	1026	1	3128	0
1	1	0	0	1	1027	3	3133	4293	4294	0	0	0
1	1	0	0	1	1028	0
1	1	0	0	1	1029	1	3134	0
1	1	0	0	1	1030	2	3138	3338	0	0
1	1	0	0	1	1031	1	3141	1
1	1	0	0	1	1032	2	3143	4381	0	0
1	1	0	0	1	1033	1	3146	0
1	1	0	0	1	1034	2	3148	4081	0	0
1	1	0	0	1	1035	2	3158	3159	0	1
1	1	0	0	1	1036	3	3163	3164	3990	1	0	0
1	1	0	0	1	1037	2	3164	3165	0	0
1	1	0	0	1	1038	2	3166	3665	0	1
1	1	0	0	1	1039	3	3172	3410	3411	0	1	0
1	1	0	0	1	1040	1	3181	0
1	1	0	0	1	1041	2	3207	3208	0	0
1	1	0	0	1	1042	1	3209	1
1	1	0	0	1	1043	2	3209	3210	0	0
1	1	0	0	1	1044	1	3211	1
1	1	0	0	1	1045	1	3214	1
1	1	0	0	1	1046	1	3218	0
1	1	0	0	1	1047	0
1	1	0	0	1	1048	1	3223	0
1	1	0	0	1	1049	1	3227	1
1	1	0	0	1	1050	1	3228	0
1	1	0	0	1	1051	2	3237	3238	0	1
1	1	0	0	1	1052	2	3243	3244	0	0
1	1	0	0	1	1053	1	3254	1
1	1	0	0	1	1054	2	3261	3262	1	1
1	1	0	0	1	1055	1	3271	0
1	1	0	0	1	1056	1	3272	1
1	1	0	0	1	1057	2	3274	3275	1	0
1	1	0	0	1	1058	1	3276	0
1	1	0	0	1	1059	1	3287	1
1	1	0	0	1	1060	2	3300	3301	0	0
1	1	0	0	1	1061	2	3303	4773	0	0
1	1	0	0	1	1062	2	3303	4621	0	0
1	1	0	0	1	1063	3	3304	3305	3659	0	1	0
1	1	0	0	1	1064	1	3306	1
1	1	0	0	1	1065	1	3307	0
1	1	0	0	1	1066	1	3307	0
1	1	0	0	1	1067	3	3310	3311	3990	1	0	0
1	1	0	0	1	1068	1	3314	0
1	1	0	0	1	1069	1	3315	0
1	1	0	0	1	1070	1	3332	0
1	1	0	0	1	1071	1	3333	0
1	1	0	0	1	1072	2	3335	3336	0	0
1	1	0	0	1	1073	2	3335	3336	0	0
1	1	0	0	1	1074	1	3341	0
1	1	0	0	1	1075	1	3344	0
1	1	0	0	1	1076	1	3345	1
1	1	0	0	1	1077	1	3360	1
1	1	0	0	1	1078	1	3360	1
1	1	0	0	1	1079	1	3361	0
1	1	0	0	1	1080	3	3364	3365	4001	0	0	0
1	1	0	0	1	1081	3	3364	3365	4344	0	0	0
1	1	0	0	1	1082	1	3368	0
1	1	0	0	1	1083	2	3368	3369	0	0
1	1	0	0	1	1084	2	3371	4392	0	0
1	1	0	0	1	1085	1	3376	1
1	1	0	0	1	1086	1	3386	0
1	1	0	0	1	1087	1	3391	0
1	1	0	0	1	1088	3	3391	3392	3393	1	1	0
1	1	0	0	1	1089	4	3392	3393	3991	3992	0	1	0	0
1	1	0	0	1	1090	3	3394	3603	3604	1	1	1
1	1	0	0	1	1091	1	3395	0
1	1	0	0	1	1092	2	3396	3397	0	0
1	1	0	0	1	1093	3	3408	3409	4823	0	0	0
1	1	0	0	1	1094	3	3413	3414	3415	0	1	0
1	1	0	0	1	1095	1	3415	0
1	1	0	0	1	1096	1	3420	0
1	1	0	0	1	1097	0
1	1	0	0	1	1098	1	3420	0
1	1	0	0	1	1099	1	3423	1
1	1	0	0	1	1100	1	3425	1
1	1	0	0	1	1101	2	3426	3427	1	1
1	1	0	0	1	1102	1	3432	0
1	1	0	0	1	1103	1	3433	0
1	1	0	0	1	1104	4	3444	3445	4166	4167	0	0	0	0
1	1	0	0	1	1105	2	3448	3449	0	0
1	1	0	0	1	1106	1	3456	0
1	1	0	0	1	1107	3	3459	3460	3461	0	0	0
1	1	0	0	1	1108	2	3460	3462	0	1
1	1	0	0	1	1109	2	3463	4579	0	0
1	1	0	0	1	1110	1	3464	0
1	1	0	0	1	1111	2	3467	3468	1	1
1	1	0	0	1	1112	2	3472	3473	0	0
1	1	0	0	1	1113	1	3485	1
1	1	0	0	1	1114	2	3486	3487	0	0
1	1	0	0	1	1115	1	3487	0
1	1	0	0	1	1116	1	3487	0
1	1	0	0	1	1117	1	3488	1
1	1	0	0	1	1118	1	3493	0
1	1	0	0	1	1119	1	3494	1
1	1	0	0	1	1120	1	3496	0
1	1	0	0	1	1121	1	3497	0
1	1	0	0	1	1122	1	3501	0
1	1	0	0	1	1123	2	3509	4085	0	0
1	1	0	0	1	1124	2	3510	3511	0	0
1	1	0	0	1	1125	2	3516	3517	1	1
1	1	0	0	1	1126	1	3523	0
1	1	0	0	1	1127	1	3530	0
1	1	0	0	1	1128	2	3535	3536	0	1
1	1	0	0	1	1129	1	3537	0
1	1	0	0	1	1130	1	3538	0
1	1	0	0	1	1131	1	3539	0
1	1	0	0	1	1132	1	3548	0
1	1	0	0	1	1133	3	3549	3550	3551	0	0	1
1	1	0	0	1	1134	3	3563	3564	3565	1	0	0
1	1	0	0	1	1135	3	3563	3564	3565	0	0	0
1	1	0	0	1	1136	3	3574	3991	3992	0	0	0
1	1	0	0	1	1137	1	3580	0
1	1	0	0	1	1138	1	3583	0
1	1	0	0	1	1139	1	3591	0
1	1	0	0	1	1140	1	3591	0
1	1	0	0	1	1141	1	3599	0
1	1	0	0	1	1142	3	3606	3607	3608	1	1	0
1	1	0	0	1	1143	3	3611	3612	3613	0	1	0
1	1	0	0	1	1144	2	3620	4382	0	0
1	1	0	0	1	1145	1	3620	0
1	1	0	0	1	1146	1	3621	1
1	1	0	0	1	1147	1	3623	1
1	1	0	0	1	1148	1	3624	0
1	1	0	0	1	1149	0
1	1	0	0	1	1150	1	3640	1
1	1	0	0	1	1151	1	3648	0
1	1	0	0	1	1152	2	3648	3649	0	0
1	1	0	0	1	1153	1	3651	0
1	1	0	0	1	1154	1	3651	0
1	1	0	0	1	1155	1	3652	0
1	1	0	0	1	1156	1	3654	1
1	1	0	0	1	1157	1	3654	0
1	1	0	0	1	1158	1	3654	0
1	1	0	0	1	1159	2	3655	3656	0	1
1	1	0	0	1	1160	1	3660	1
1	1	0	0	1	1161	5	3667	3668	3669	3670	4283	1	0	0	1	0
1	1	0	0	1	1162	2	3725	3726	0	0
1	1	0	0	1	1163	2	3676	3677	1	0
1	1	0	0	1	1164	1	3683	0
1	1	0	0	1	1165	2	3688	3689	0	1
1	1	0	0	1	1166	1	3692	0
1	1	0	0	1	1167	1	3693	1
1	1	0	0	1	1168	1	3695	0
1	1	0	0	1	1169	2	3700	3701	1	0
1	1	0	0	1	1170	2	3704	3705	0	0
1	1	0	0	1	1171	1	3705	0
1	1	0	0	1	1172	2	3709	3710	0	1
1	1	0	0	1	1173	2	3711	3712	0	0
1	1	0	0	1	1174	1	3715	0
1	1	0	0	1	1175	1	3723	0
1	1	0	0	1	1176	1	3724	0
1	1	0	0	1	1177	1	3725	0
1	1	0	0	1	1178	2	3727	4301	0	0
1	1	0	0	1	1179	1	3728	0
1	1	0	0	1	1180	1	3730	0
1	1	0	0	1	1181	1	3731	0
1	1	0	0	1	1182	1	3731	0
1	1	0	0	1	1183	1	3732	1
1	1	0	0	1	1184	1	3744	0
1	1	0	0	1	1185	3	3747	4871	4872	0	1	0
1	1	0	0	1	1186	1	3763	0
1	1	0	0	1	1187	1	3764	0
1	1	0	0	1	1188	2	3765	3766	0	0
1	1	0	0	1	1189	2	3769	3770	0	0
1	1	0	0	1	1190	0
1	1	0	0	1	1191	3	3781	3881	3882	0	0	0
1	1	0	0	1	1192	1	3783	0
1	1	0	0	1	1193	1	3784	0
1	1	0	0	1	1194	1	3785	0
1	1	0	0	1	1195	1	3786	0
1	1	0	0	1	1196	1	3793	0
1	1	0	0	1	1197	2	3796	3882	0	0
1	1	0	0	1	1198	1	3796	0
1	1	0	0	1	1199	1	3796	0
1	1	0	0	1	1200	1	3800	0
1	1	0	0	1	1201	2	3804	3805	0	1
1	1	0	0	1	1202	2	3810	3811	0	0
1	1	0	0	1	1203	2	3820	3821	0	0
1	1	0	0	1	1204	2	3824	4240	0	1
1	1	0	0	1	1205	1	3834	0
1	1	0	0	1	1206	3	3834	3835	3836	1	0	0
1	1	0	0	1	1207	1	3841	0
1	1	0	0	1	1208	1	3843	0
1	1	0	0	1	1209	1	3851	0
1	1	0	0	1	1210	2	3856	3857	0	0
1	1	0	0	1	1211	3	3860	3861	3862	0	0	0
1	1	0	0	1	1212	1	3864	0
1	1	0	0	1	1213	1	3864	0
1	1	0	0	1	1214	1	3864	0
1	1	0	0	1	1215	1	3870	0
1	1	0	0	1	1216	3	3870	3871	4733	0	1	0
1	1	0	0	1	1217	1	3872	0
1	1	0	0	1	1218	1	3879	1
1	1	0	0	1	1219	3	3886	3887	3888	0	0	0
1	1	0	0	1	1220	2	3889	3890	0	0
1	1	0	0	1	1221	1	3890	0
1	1	0	0	1	1222	2	3894	4046	0	0
1	1	0	0	1	1223	2	3895	3896	0	0
1	1	0	0	1	1224	4	3896	3897	4866	4867	0	0	0	0
1	1	0	0	1	1225	1	3907	0
1	1	0	0	1	1226	1	3907	0
1	1	0	0	1	1227	2	3909	3910	0	0
1	1	0	0	1	1228	1	3915	1
1	1	0	0	1	1229	1	3915	0
1	1	0	0	1	1230	1	3920	0
1	1	0	0	1	1231	1	3921	1
1	1	0	0	1	1232	1	3925	0
1	1	0	0	1	1233	2	3926	3927	0	0
1	1	0	0	1	1234	1	3933	0
1	1	0	0	1	1235	1	3934	0
1	1	0	0	1	1236	1	3942	0
1	1	0	0	1	1237	2	3942	4083	0	0
1	1	0	0	1	1238	2	3947	4212	1	1
1	1	0	0	1	1239	1	3948	0
1	1	0	0	1	1240	1	3949	1
1	1	0	0	1	1241	3	3950	3951	3952	1	0	0
1	1	0	0	1	1242	3	3955	3956	3957	0	0	0
1	1	0	0	1	1243	6	3956	3957	4133	4134	4135	4136	0	1	0	0	0	0
1	1	0	0	1	1244	1	3963	0
1	1	0	0	1	1245	2	3971	3972	0	1
1	1	0	0	1	1246	1	3974	1
1	1	0	0	1	1247	2	3975	3976	0	1
1	1	0	0	1	1248	2	3975	3976	0	0
1	1	0	0	1	1249	3	3979	3980	3981	1	0	0
1	1	0	0	1	1250	5	3979	3980	3981	3982	4087	0	0	0	0	1
1	1	0	0	1	1251	2	3985	3986	1	0
1	1	0	0	1	1252	1	3986	0
1	1	0	0	1	1253	1	3990	0
1	1	0	0	1	1254	1	3990	1
1	1	0	0	1	1255	2	3991	3992	0	0
1	1	0	0	1	1256	1	4000	1
1	1	0	0	1	1257	1	4001	0
1	1	0	0	1	1258	1	4008	0
1	1	0	0	1	1259	1	4009	1
1	1	0	0	1	1260	2	4013	4701	0	0
1	1	0	0	1	1261	1	4020	0
1	1	0	0	1	1262	2	4020	4021	0	1
1	1	0	0	1	1263	1	4024	0
1	1	0	0	1	1264	1	4025	0
1	1	0	0	1	1265	2	4722	4723	0	0
1	1	0	0	1	1266	1	4033	0
1	1	0	0	1	1267	2	4037	4551	0	1
1	1	0	0	1	1268	1	4041	1
1	1	0	0	1	1269	1	4041	1
1	1	0	0	1	1270	1	4046	1
1	1	0	0	1	1271	1	4055	1
1	1	0	0	1	1272	1	4055	0
1	1	0	0	1	1273	1	4058	0
1	1	0	0	1	1274	2	4059	4060	0	0
1	1	0	0	1	1275	1	4062	1
1	1	0	0	1	1276	1	4071	0
1	1	0	0	1	1277	1	4074	0
1	1	0	0	1	1278	1	4081	0
1	1	0	0	1	1279	1	4082	0
1	1	0	0	1	1280	1	4082	0
1	1	0	0	1	1281	0
1	1	0	0	1	1282	1	4090	0
1	1	0	0	1	1283	1	4094	0
1	1	0	0	1	1284	1	4097	0
1	1	0	0	1	1285	1	4098	0
1	1	0	0	1	1286	1	4099	0
1	1	0	0	1	1287	1	4101	1
1	1	0	0	1	1288	1	4106	0
1	1	0	0	1	1289	2	4124	4125	1	0
1	1	0	0	1	1290	2	4124	4125	0	0
1	1	0	0	1	1291	1	4126	1
1	1	0	0	1	1292	2	4127	4128	0	0
1	1	0	0	1	1293	1	4128	0
1	1	0	0	1	1294	1	4144	0
1	1	0	0	1	1295	1	4146	0
1	1	0	0	1	1296	1	4151	0
1	1	0	0	1	1297	1	4153	0
1	1	0	0	1	1298	1	4156	1
1	1	0	0	1	1299	2	4162	4163	0	0
1	1	0	0	1	1300	2	4166	4167	0	0
1	1	0	0	1	1301	1	4170	0
1	1	0	0	1	1302	3	4181	4182	4183	0	0	1
1	1	0	0	1	1303	2	4188	4189	0	0
1	1	0	0	1	1304	1	4189	0
1	1	0	0	1	1305	1	4190	0
1	1	0	0	1	1306	1	4193	0
1	1	0	0	1	1307	2	4194	4195	0	0
1	1	0	0	1	1308	3	4197	4198	4845	0	0	0
1	1	0	0	1	1309	1	4200	0
1	1	0	0	1	1310	1	4200	0
1	1	0	0	1	1311	1	4200	0
1	1	0	0	1	1312	3	4206	4207	4208	0	0	0
1	1	0	0	1	1313	2	4210	4211	1	0
1	1	0	0	1	1314	1	4224	1
1	1	0	0	1	1315	1	4228	1
1	1	0	0	1	1316	3	4247	4248	4249	0	0	0
1	1	0	0	1	1317	1	4254	0
1	1	0	0	1	1318	1	4255	0
1	1	0	0	1	1319	1	4261	1
1	1	0	0	1	1320	1	4261	1
1	1	0	0	1	1321	1	4262	0
1	1	0	0	1	1322	1	4264	0
1	1	0	0	1	1323	1	4265	0
1	1	0	0	1	1324	1	4266	0
1	1	0	0	1	1325	1	4269	0
1	1	0	0	1	1326	1	4269	0
1	1	0	0	1	1327	1	4276	0
1	1	0	0	1	1328	1	4288	0
1	1	0	0	1	1329	1	4289	0
1	1	0	0	1	1330	1	4292	0
1	1	0	0	1	1331	0
1	1	0	0	1	1332	0
1	1	0	0	1	1333	1	4308	0
1	1	0	0	1	1334	1	4308	0
1	1	0	0	1	1335	2	4315	4316	0	0
1	1	0	0	1	1336	3	4315	4316	4397	0	0	0
1	1	0	0	1	1337	2	4315	4316	0	0
1	1	0	0	1	1338	2	4315	4316	0	0
1	1	0	0	1	1339	1	4319	0
1	1	0	0	1	1340	0
1	1	0	0	1	1341	1	4324	0
1	1	0	0	1	1342	1	4330	0
1	1	0	0	1	1343	1	4330	0
1	1	0	0	1	1344	2	4330	4331	1	0
1	1	0	0	1	1345	1	4333	0
1	1	0	0	1	1346	1	4333	0
1	1	0	0	1	1347	1	4334	0
1	1	0	0	1	1348	3	4338	4753	4754	0	1	0
1	1	0	0	1	1349	1	4348	0
1	1	0	0	1	1350	1	4349	0
1	1	0	0	1	1351	2	4350	4351	0	0
1	1	0	0	1	1352	2	4350	4351	0	0
1	1	0	0	1	1353	1	4361	0
1	1	0	0	1	1354	1	4381	0
1	1	0	0	1	1355	1	4387	1
1	1	0	0	1	1356	1	4388	1
1	1	0	0	1	1357	1	4388	0
1	1	0	0	1	1358	2	4394	4395	0	0
1	1	0	0	1	1359	1	4402	0
1	1	0	0	1	1360	1	4405	0
1	1	0	0	1	1361	1	4405	0
1	1	0	0	1	1362	1	4405	0
1	1	0	0	1	1363	2	4411	4412	1	0
1	1	0	0	1	1364	1	4415	0
1	1	0	0	1	1365	1	4421	0
1	1	0	0	1	1366	1	4424	1
1	1	0	0	1	1367	1	4434	0
1	1	0	0	1	1368	1	4592	0
1	1	0	0	1	1369	1	4442	0
1	1	0	0	1	1370	1	4448	0
1	1	0	0	1	1371	1	4448	0
1	1	0	0	1	1372	0
1	1	0	0	1	1373	1	4454	0
1	1	0	0	1	1374	1	4456	0
1	1	0	0	1	1375	1	4461	0
1	1	0	0	1	1376	1	4462	0
1	1	0	0	1	1377	2	4464	4622	0	0
1	1	0	0	1	1378	0
1	1	0	0	1	1379	3	4478	4479	4480	0	0	0
1	1	0	0	1	1380	1	4482	0
1	1	0	0	1	1381	1	4489	0
1	1	0	0	1	1382	1	4489	0
1	1	0	0	1	1383	2	4492	4855	1	0
1	1	0	0	1	1384	1	4493	0
1	1	0	0	1	1385	1	4496	0
1	1	0	0	1	1386	2	4497	4498	0	0
1	1	0	0	1	1387	1	4501	0
1	1	0	0	1	1388	1	4505	0
1	1	0	0	1	1389	3	4512	4513	4514	0	0	1
1	1	0	0	1	1390	1	4515	1
1	1	0	0	1	1391	1	4516	0
1	1	0	0	1	1392	1	4531	0
1	1	0	0	1	1393	1	4539	0
1	1	0	0	1	1394	1	4544	0
1	1	0	0	1	1395	2	4546	4547	0	0
1	1	0	0	1	1396	1	4547	0
1	1	0	0	1	1397	1	4549	1
1	1	0	0	1	1398	1	4550	0
1	1	0	0	1	1399	1	4550	0
1	1	0	0	1	1400	3	4556	4557	4558	0	0	0
1	1	0	0	1	1401	2	4560	4561	0	0
1	1	0	0	1	1402	3	4568	4569	4570	1	0	0
1	1	0	0	1	1403	1	4572	0
1	1	0	0	1	1404	1	4577	0
1	1	0	0	1	1405	2	4582	4583	0	0
1	1	0	0	1	1406	1	4584	1
1	1	0	0	1	1407	1	4590	0
1	1	0	0	1	1408	2	4602	4603	0	0
1	1	0	0	1	1409	1	4607	0
1	1	0	0	1	1410	1	4612	0
1	1	0	0	1	1411	1	4615	0
1	1	0	0	1	1412	1	4618	1
1	1	0	0	1	1413	1	4620	0
1	1	0	0	1	1414	2	4623	4624	0	0
1	1	0	0	1	1415	1	4627	0
1	1	0	0	1	1416	2	4628	4629	0	1
1	1	0	0	1	1417	1	4634	0
1	1	0	0	1	1418	1	4638	0
1	1	0	0	1	1419	3	4644	4645	4646	0	0	1
1	1	0	0	1	1420	1	4649	0
1	1	0	0	1	1421	2	4654	4655	0	0
1	1	0	0	1	1422	2	4654	4655	0	0
1	1	0	0	1	1423	1	4656	0
1	1	0	0	1	1424	1	4658	0
1	1	0	0	1	1425	1	4658	0
1	1	0	0	1	1426	1	4674	0
1	1	0	0	1	1427	1	4677	1
1	1	0	0	1	1428	1	4680	0
1	1	0	0	1	1429	1	4680	0
1	1	0	0	1	1430	1	4681	1
1	1	0	0	1	1431	1	4688	0
1	1	0	0	1	1432	2	4690	4691	0	0
1	1	0	0	1	1433	2	4690	4691	0	0
1	1	0	0	1	1434	2	4690	4691	0	0
1	1	0	0	1	1435	1	4693	0
1	1	0	0	1	1436	1	4694	0
1	1	0	0	1	1437	1	4697	0
1	1	0	0	1	1438	1	4698	1
1	1	0	0	1	1439	3	4699	4700	4701	0	1	0
1	1	0	0	1	1440	1	4704	0
1	1	0	0	1	1441	1	4705	0
1	1	0	0	1	1442	1	4706	1
1	1	0	0	1	1443	1	4710	0
1	1	0	0	1	1444	1	4711	0
1	1	0	0	1	1445	1	4712	1
1	1	0	0	1	1446	2	4722	4723	0	0
1	1	0	0	1	1447	3	4726	4727	4728	0	0	0
1	1	0	0	1	1448	1	4729	0
1	1	0	0	1	1449	1	4729	0
1	1	0	0	1	1450	2	4732	4733	0	1
1	1	0	0	1	1451	1	4733	1
1	1	0	0	1	1452	2	4738	4767	1	0
1	1	0	0	1	1453	1	4744	0
1	1	0	0	1	1454	1	4745	0
1	1	0	0	1	1455	1	4747	0
1	1	0	0	1	1456	1	4748	0
1	1	0	0	1	1457	2	4753	4754	0	0
1	1	0	0	1	1458	1	4759	0
1	1	0	0	1	1459	1	4766	0
1	1	0	0	1	1460	1	4777	0
1	1	0	0	1	1461	1	4779	0
1	1	0	0	1	1462	1	4780	0
1	1	0	0	1	1463	1	4781	0
1	1	0	0	1	1464	1	4783	0
1	1	0	0	1	1465	2	4785	4786	0	1
1	1	0	0	1	1466	2	4785	4786	0	0
1	1	0	0	1	1467	1	4788	0
1	1	0	0	1	1468	4	4789	4790	4791	4792	1	1	1	1
1	1	0	0	1	1469	1	4796	0
1	1	0	0	1	1470	1	4797	0
1	1	0	0	1	1471	1	4802	1
1	1	0	0	1	1472	1	4809	0
1	1	0	0	1	1473	1	4813	0
1	1	0	0	1	1474	2	4819	4820	0	0
1	1	0	0	1	1475	1	4821	0
1	1	0	0	1	1476	1	4821	1
1	1	0	0	1	1477	1	4823	0
1	1	0	0	1	1478	1	4830	0
1	1	0	0	1	1479	1	4834	0
1	1	0	0	1	1480	1	4835	0
1	1	0	0	1	1481	1	4836	0
1	1	0	0	1	1482	1	4836	1
1	1	0	0	1	1483	1	4855	0
1	1	0	0	1	1484	1	4855	0
1	1	0	0	1	1485	2	4856	4857	0	0
1	1	0	0	1	1486	1	4860	1
1	1	0	0	1	1487	2	4863	4864	1	0
1	1	0	0	1	1488	1	4875	1
1	1	0	0	1	1489	1	4877	0
1	1	0	0	1	1490	1	4879	1
1	1	0	0	1	1491	1	4882	0
1	1	0	0	1	1492	1	4882	0
