1	1	0	0	1	21	22	2	0	0	0
1	1	0	0	1	25	26	1	0	0	0
1	1	0	0	1	34	35	1	0	0	0
1	1	0	0	1	60	61	1	0	0	0
1	1	0	0	1	69	70	1	0	0	0
1	1	0	0	1	72	73	1	0	0	0
1	1	0	0	1	75	76	1	0	0	0
1	1	0	0	1	81	82	0	1	0	0
1	1	0	0	1	84	85	1	0	0	0
1	1	0	0	1	89	90	1	0	0	0
1	1	0	0	1	105	106	0	0	1	0
1	1	0	0	1	108	109	1	0	0	0
1	1	0	0	1	114	115	0	0	1	0
1	1	0	0	1	124	125	0	1	0	0
1	1	0	0	1	152	153	1	0	0	0
1	1	0	0	1	153	154	1	0	0	0
1	1	0	0	1	166	167	1	0	0	0
1	1	0	0	1	194	195	1	0	0	0
1	1	0	0	1	207	208	1	0	0	0
1	1	0	0	1	216	217	1	0	0	0
1	1	0	0	1	237	238	0	0	0	1
1	1	0	0	1	247	248	1	0	0	0
1	1	0	0	1	261	262	0	0	1	0
1	1	0	0	1	272	273	1	0	0	0
1	1	0	0	1	291	292	1	0	0	0
1	1	0	0	1	310	311	1	0	0	0
1	1	0	0	1	333	334	1	0	0	0
1	1	0	0	1	353	354	0	1	0	0
1	1	0	0	1	360	361	0	0	1	0
1	1	0	0	1	363	364	2	0	0	0
1	1	0	0	1	379	380	0	0	1	0
1	1	0	0	1	405	406	1	0	0	0
1	1	0	0	1	416	417	1	0	0	0
1	1	0	0	1	425	426	0	0	1	0
1	1	0	0	1	429	430	0	0	2	0
1	1	0	0	1	441	442	0	0	1	0
1	1	0	0	1	446	447	0	1	0	0
1	1	0	0	1	448	449	1	0	0	0
1	1	0	0	1	450	451	0	1	0	0
1	1	0	0	1	456	457	1	0	0	0
1	1	0	0	1	463	464	0	0	1	0
1	1	0	0	1	484	485	1	0	0	0
1	1	0	0	1	487	488	0	0	1	0
1	1	0	0	1	522	523	0	0	1	0
1	1	0	0	1	529	530	2	0	0	0
1	1	0	0	1	533	534	0	1	0	0
1	1	0	0	1	544	545	1	0	0	0
1	1	0	0	1	564	565	0	0	0	1
1	1	0	0	1	576	577	1	0	0	0
1	1	0	0	1	578	579	1	0	0	0
1	1	0	0	1	605	606	0	0	1	0
1	1	0	0	1	626	627	2	0	0	0
1	1	0	0	1	649	650	1	0	0	0
1	1	0	0	1	666	667	1	0	0	0
1	1	0	0	1	692	693	1	0	0	0
1	1	0	0	1	694	695	2	0	0	0
1	1	0	0	1	713	714	1	0	0	0
1	1	0	0	1	715	716	1	0	0	0
1	1	0	0	1	738	739	1	0	0	0
1	1	0	0	1	777	778	1	0	0	0
1	1	0	0	1	788	789	1	0	0	0
1	1	0	0	1	792	793	1	0	0	0
1	1	0	0	1	793	794	1	0	0	0
1	1	0	0	1	804	805	0	0	0	1
1	1	0	0	1	811	812	0	0	0	1
1	1	0	0	1	813	814	0	1	0	0
1	1	0	0	1	825	826	1	0	0	0
1	1	0	0	1	839	840	1	0	0	0
1	1	0	0	1	841	842	0	1	0	0
1	1	0	0	1	844	845	1	0	0	0
1	1	0	0	1	856	857	1	0	0	0
1	1	0	0	1	865	866	1	0	0	0
1	1	0	0	1	867	868	1	0	0	0
1	1	0	0	1	885	886	1	0	0	0
1	1	0	0	1	921	922	0	0	1	0
1	1	0	0	1	927	928	0	1	0	0
1	1	0	0	1	982	983	0	0	1	0
1	1	0	0	1	985	986	1	0	0	0
1	1	0	0	1	999	1000	0	0	1	0
1	1	0	0	1	1064	1065	0	0	0	1
1	1	0	0	1	1068	1069	1	0	0	0
1	1	0	0	1	1106	1107	1	0	0	0
1	1	0	0	1	1137	1138	0	1	0	0
1	1	0	0	1	1139	1140	0	0	1	0
1	1	0	0	1	1142	1143	1	0	0	0
1	1	0	0	1	1167	1168	0	0	1	0
1	1	0	0	1	1173	1174	0	1	0	0
1	1	0	0	1	1208	1209	1	0	0	0
1	1	0	0	1	1216	1217	1	0	0	0
1	1	0	0	1	1220	1221	1	0	0	0
1	1	0	0	1	1225	1226	0	1	0	0
1	1	0	0	1	1238	1239	1	0	0	0
1	1	0	0	1	1253	1254	1	0	0	0
1	1	0	0	1	1264	1265	1	0	0	0
1	1	0	0	1	1290	1291	1	0	0	0
1	1	0	0	1	1294	1295	0	0	1	0
1	1	0	0	1	1297	1298	1	0	0	0
1	1	0	0	1	1311	1312	1	0	0	0
1	1	0	0	1	1312	1313	1	0	0	0
1	1	0	0	1	1346	1347	2	0	0	0
1	1	0	0	1	1357	1358	1	0	0	0
1	1	0	0	1	1380	1381	2	0	0	0
1	1	0	0	1	1412	1413	1	0	0	0
1	1	0	0	1	1428	1429	1	0	0	0
1	1	0	0	1	1449	1450	0	1	0	0
1	1	0	0	1	1456	1457	1	0	0	0
1	1	0	0	1	1462	1463	1	0	0	0
1	1	0	0	1	1464	1465	1	0	0	0
1	1	0	0	1	1465	1466	1	0	0	0
1	1	0	0	1	1489	1490	1	0	0	0
1	1	0	0	1	1517	1518	1	0	0	0
1	1	0	0	1	1531	1532	2	0	0	0
1	1	0	0	1	1556	1557	0	1	0	0
1	1	0	0	1	1580	1581	1	0	0	0
1	1	0	0	1	1585	1586	1	0	0	0
1	1	0	0	1	1609	1610	1	0	0	0
1	1	0	0	1	1611	1612	1	0	0	0
1	1	0	0	1	1621	1622	0	0	1	0
1	1	0	0	1	1633	1634	1	0	0	0
1	1	0	0	1	1634	1635	1	0	0	0
1	1	0	0	1	1637	1638	1	0	0	0
1	1	0	0	1	1642	1643	0	0	1	0
1	1	0	0	1	1647	1648	0	1	0	0
1	1	0	0	1	1669	1670	1	0	0	0
1	1	0	0	1	1698	1699	0	0	1	0
1	1	0	0	1	1713	1714	2	0	0	0
1	1	0	0	1	1744	1745	1	0	0	0
1	1	0	0	1	1752	1753	0	1	0	0
1	1	0	0	1	1765	1766	1	0	0	0
1	1	0	0	1	1784	1785	1	0	0	0
1	1	0	0	1	1810	1811	3	0	0	0
1	1	0	0	1	1848	1849	1	0	1	0
1	1	0	0	1	1850	1851	1	0	0	0
1	1	0	0	1	1855	1856	1	0	0	0
1	1	0	0	1	1929	1930	1	0	0	0
1	1	0	0	1	1934	1935	2	1	0	0
1	1	0	0	1	1936	1937	1	0	0	0
1	1	0	0	1	1938	1939	2	0	0	0
1	1	0	0	1	1942	1943	1	0	0	0
1	1	0	0	1	1943	1944	1	0	0	0
1	1	0	0	1	1946	1947	0	0	1	0
1	1	0	0	1	1948	1949	1	0	0	0
1	1	0	0	1	2001	2002	0	0	2	0
1	1	0	0	1	2064	2065	2	0	0	0
1	1	0	0	1	2077	2078	0	1	0	0
1	1	0	0	1	2107	2108	1	0	0	0
1	1	0	0	1	2111	2112	1	0	0	0
1	1	0	0	1	2159	2160	1	0	0	0
1	1	0	0	1	2175	2176	2	0	0	0
1	1	0	0	1	2238	2239	2	0	0	0
1	1	0	0	1	2241	2242	0	0	1	0
1	1	0	0	1	2247	2248	1	0	0	0
1	1	0	0	1	2254	2255	1	0	0	0
1	1	0	0	1	2309	2310	1	0	0	0
1	1	0	0	1	2311	2312	0	1	0	0
1	1	0	0	1	2314	2315	1	0	0	0
1	1	0	0	1	2355	2356	1	0	0	0
1	1	0	0	1	2380	2381	1	0	0	0
1	1	0	0	1	2396	2397	0	0	2	0
1	1	0	0	1	2408	2409	1	0	0	0
1	1	0	0	1	2410	2411	1	0	0	0
1	1	0	0	1	2445	2446	1	0	0	0
1	1	0	0	1	2468	2469	1	0	0	0
1	1	0	0	1	2480	2481	2	0	0	0
1	1	0	0	1	2497	2498	1	0	0	0
1	1	0	0	1	2509	2510	3	0	0	0
1	1	0	0	1	2537	2538	1	0	1	0
1	1	0	0	1	2565	2566	0	1	0	0
1	1	0	0	1	2570	2571	1	0	0	0
1	1	0	0	1	2573	2574	1	0	0	0
1	1	0	0	1	2640	2641	1	0	0	0
1	1	0	0	1	2645	2646	0	1	0	0
1	1	0	0	1	2650	2651	0	2	0	0
1	1	0	0	1	2653	2654	0	0	2	0
1	1	0	0	1	2658	2659	1	0	0	0
1	1	0	0	1	2667	2668	1	0	0	0
1	1	0	0	1	2682	2683	1	0	0	0
1	1	0	0	1	2697	2698	0	1	0	0
1	1	0	0	1	2708	2709	0	1	0	0
1	1	0	0	1	2723	2724	0	0	1	0
1	1	0	0	1	2736	2737	0	1	0	0
1	1	0	0	1	2753	2754	0	1	0	0
1	1	0	0	1	2760	2761	0	0	1	0
1	1	0	0	1	2791	2792	0	0	1	0
1	1	0	0	1	2801	2802	1	0	0	0
1	1	0	0	1	2810	2811	0	0	1	0
1	1	0	0	1	2811	2812	1	0	0	0
1	1	0	0	1	2835	2836	1	0	0	0
1	1	0	0	1	2838	2839	0	0	2	0
1	1	0	0	1	2841	2842	0	2	0	0
1	1	0	0	1	2843	2844	2	0	0	0
1	1	0	0	1	2861	2862	1	0	0	0
1	1	0	0	1	2911	2912	0	1	0	0
1	1	0	0	1	2942	2943	1	0	0	0
1	1	0	0	1	2944	2945	1	0	1	0
1	1	0	0	1	2946	2947	0	1	0	0
1	1	0	0	1	2962	2963	0	0	0	1
1	1	0	0	1	3016	3017	2	0	1	0
1	1	0	0	1	3019	3020	1	0	0	0
1	1	0	0	1	3047	3048	0	0	1	0
1	1	0	0	1	3054	3055	1	0	0	0
1	1	0	0	1	3060	3061	1	0	0	0
1	1	0	0	1	3095	3096	1	0	0	0
1	1	0	0	1	3118	3119	1	0	0	0
1	1	0	0	1	3122	3123	0	1	0	0
1	1	0	0	1	3158	3159	0	1	0	0
1	1	0	0	1	3163	3164	0	0	1	0
1	1	0	0	1	3164	3165	1	0	0	0
1	1	0	0	1	3182	3183	1	0	0	0
1	1	0	0	1	3207	3208	1	0	0	0
1	1	0	0	1	3209	3210	1	0	0	0
1	1	0	0	1	3235	3236	1	0	0	0
1	1	0	0	1	3237	3238	0	1	0	0
1	1	0	0	1	3243	3244	1	0	0	0
1	1	0	0	1	3244	3245	1	0	0	0
1	1	0	0	1	3257	3258	1	0	0	0
1	1	0	0	1	3261	3262	0	0	0	1
1	1	0	0	1	3274	3275	0	0	1	0
1	1	0	0	1	3300	3301	2	0	0	0
1	1	0	0	1	3304	3305	0	1	0	0
1	1	0	0	1	3310	3311	0	0	1	0
1	1	0	0	1	3315	3316	1	0	0	0
1	1	0	0	1	3335	3336	2	0	0	0
1	1	0	0	1	3362	3363	1	0	0	0
1	1	0	0	1	3364	3365	2	0	0	0
1	1	0	0	1	3368	3369	1	0	0	0
1	1	0	0	1	3391	3392	0	0	0	1
1	1	0	0	1	3392	3393	0	1	0	0
1	1	0	0	1	3396	3397	1	0	0	0
1	1	0	0	1	3402	3403	1	0	0	0
1	1	0	0	1	3408	3409	1	0	0	0
1	1	0	0	1	3410	3411	0	0	1	0
1	1	0	0	1	3413	3414	0	1	0	0
1	1	0	0	1	3426	3427	0	0	0	1
1	1	0	0	1	3444	3445	1	0	0	0
1	1	0	0	1	3448	3449	1	0	0	0
1	1	0	0	1	3459	3460	1	0	0	0
1	1	0	0	1	3467	3468	0	0	0	1
1	1	0	0	1	3468	3469	1	0	0	0
1	1	0	0	1	3472	3473	1	0	0	0
1	1	0	0	1	3478	3479	0	1	0	0
1	1	0	0	1	3486	3487	1	0	0	0
1	1	0	0	1	3510	3511	1	0	0	0
1	1	0	0	1	3513	3514	1	0	0	0
1	1	0	0	1	3515	3516	1	0	0	0
1	1	0	0	1	3516	3517	0	0	0	1
1	1	0	0	1	3535	3536	0	1	0	0
1	1	0	0	1	3549	3550	1	0	0	0
1	1	0	0	1	3556	3557	0	0	1	0
1	1	0	0	1	3563	3564	1	0	1	0
1	1	0	0	1	3588	3589	1	0	0	0
1	1	0	0	1	3603	3604	0	0	0	1
1	1	0	0	1	3606	3607	0	0	0	1
1	1	0	0	1	3611	3612	0	1	0	0
1	1	0	0	1	3617	3618	0	0	0	1
1	1	0	0	1	3627	3628	1	0	0	0
1	1	0	0	1	3629	3630	0	0	1	0
1	1	0	0	1	3648	3649	1	0	0	0
1	1	0	0	1	3655	3656	0	1	0	0
1	1	0	0	1	3667	3668	0	0	1	0
1	1	0	0	1	3669	3670	0	1	0	0
1	1	0	0	1	3676	3677	0	0	1	0
1	1	0	0	1	3688	3689	0	1	0	0
1	1	0	0	1	3700	3701	0	0	1	0
1	1	0	0	1	3704	3705	1	0	0	0
1	1	0	0	1	3709	3710	0	1	0	0
1	1	0	0	1	3711	3712	1	0	0	0
1	1	0	0	1	3725	3726	1	0	0	0
1	1	0	0	1	3765	3766	1	0	0	0
1	1	0	0	1	3769	3770	1	0	0	0
1	1	0	0	1	3804	3805	0	1	0	0
1	1	0	0	1	3810	3811	1	0	0	0
1	1	0	0	1	3819	3820	0	1	0	0
1	1	0	0	1	3820	3821	1	0	0	0
1	1	0	0	1	3834	3835	0	0	1	0
1	1	0	0	1	3856	3857	1	0	0	0
1	1	0	0	1	3860	3861	1	0	0	0
1	1	0	0	1	3870	3871	0	2	0	0
1	1	0	0	1	3881	3882	1	0	0	0
1	1	0	0	1	3886	3887	1	0	0	0
1	1	0	0	1	3889	3890	1	0	0	0
1	1	0	0	1	3895	3896	1	0	0	0
1	1	0	0	1	3896	3897	1	0	0	0
1	1	0	0	1	3909	3910	1	0	0	0
1	1	0	0	1	3926	3927	1	0	0	0
1	1	0	0	1	3950	3951	0	0	1	0
1	1	0	0	1	3954	3955	1	0	0	0
1	1	0	0	1	3955	3956	1	0	0	0
1	1	0	0	1	3956	3957	0	1	0	0
1	1	0	0	1	3971	3972	0	1	0	0
1	1	0	0	1	3975	3976	1	1	0	0
1	1	0	0	1	3979	3980	1	0	1	0
1	1	0	0	1	3981	3982	1	0	0	0
1	1	0	0	1	3985	3986	0	0	1	0
1	1	0	0	1	3991	3992	3	0	0	0
1	1	0	0	1	3993	3994	1	0	0	0
1	1	0	0	1	4020	4021	0	1	0	0
1	1	0	0	1	4059	4060	2	0	0	0
1	1	0	0	1	4078	4079	0	0	1	0
1	1	0	0	1	4111	4112	0	0	1	0
1	1	0	0	1	4124	4125	1	0	1	0
1	1	0	0	1	4127	4128	1	0	0	0
1	1	0	0	1	4133	4134	1	0	0	0
1	1	0	0	1	4135	4136	1	0	0	0
1	1	0	0	1	4162	4163	1	0	0	0
1	1	0	0	1	4166	4167	3	0	0	0
1	1	0	0	1	4181	4182	1	1	0	0
1	1	0	0	1	4188	4189	1	0	0	0
1	1	0	0	1	4194	4195	2	0	0	0
1	1	0	0	1	4197	4198	1	0	0	0
1	1	0	0	1	4206	4207	1	0	0	0
1	1	0	0	1	4210	4211	0	0	1	0
1	1	0	0	1	4234	4235	0	1	0	0
1	1	0	0	1	4238	4239	1	0	0	0
1	1	0	0	1	4247	4248	1	0	0	0
1	1	0	0	1	4293	4294	1	0	0	0
1	1	0	0	1	4315	4316	4	0	0	0
1	1	0	0	1	4330	4331	0	0	1	0
1	1	0	0	1	4350	4351	2	0	0	0
1	1	0	0	1	4394	4395	1	0	0	0
1	1	0	0	1	4411	4412	0	0	1	0
1	1	0	0	1	4427	4428	0	0	1	0
1	1	0	0	1	4429	4430	1	0	0	0
1	1	0	0	1	4478	4479	1	0	0	0
1	1	0	0	1	4486	4487	0	1	0	0
1	1	0	0	1	4497	4498	1	0	0	0
1	1	0	0	1	4512	4513	1	0	0	0
1	1	0	0	1	4546	4547	1	0	0	0
1	1	0	0	1	4556	4557	1	0	0	0
1	1	0	0	1	4560	4561	1	0	0	0
1	1	0	0	1	4568	4569	0	0	1	0
1	1	0	0	1	4571	4572	1	0	0	0
1	1	0	0	1	4582	4583	1	0	0	0
1	1	0	0	1	4602	4603	1	0	0	0
1	1	0	0	1	4623	4624	1	0	0	0
1	1	0	0	1	4628	4629	0	1	0	0
1	1	0	0	1	4644	4645	2	0	0	0
1	1	0	0	1	4654	4655	2	0	0	0
1	1	0	0	1	4690	4691	3	0	0	0
1	1	0	0	1	4699	4700	0	1	0	0
1	1	0	0	1	4722	4723	2	0	0	0
1	1	0	0	1	4726	4727	1	0	0	0
1	1	0	0	1	4732	4733	0	1	0	0
1	1	0	0	1	4751	4752	1	0	0	0
1	1	0	0	1	4753	4754	1	0	1	0
1	1	0	0	1	4785	4786	1	1	0	0
1	1	0	0	1	4789	4790	0	0	0	1
1	1	0	0	1	4791	4792	0	0	0	1
1	1	0	0	1	4819	4820	1	0	0	0
1	1	0	0	1	4845	4846	1	0	0	0
1	1	0	0	1	4856	4857	1	0	0	0
1	1	0	0	1	4858	4859	1	0	0	0
1	1	0	0	1	4863	4864	0	0	1	0
1	1	0	0	1	4866	4867	1	0	0	0
1	1	0	0	1	4871	4872	0	0	1	0
