             1	             1	6.7000000000000000e+01
             2	            10	6.7000000000000000e+01
             3	            10	6.7000000000000000e+01
             4	            10	6.7000000000000000e+01
             5	            10	6.7000000000000000e+01
             6	            10	6.7000000000000000e+01
             2	            11	8.4000000000000000e+01
             3	            11	8.4000000000000000e+01
             4	            11	8.4000000000000000e+01
             5	            11	8.4000000000000000e+01
             6	            11	8.4000000000000000e+01
             2	            12	6.7000000000000000e+01
             3	            12	6.7000000000000000e+01
             4	            12	6.7000000000000000e+01
             5	            12	6.7000000000000000e+01
             6	            12	6.7000000000000000e+01
             2	            13	6.5000000000000000e+01
             3	            13	6.5000000000000000e+01
             4	            13	6.5000000000000000e+01
             5	            13	6.5000000000000000e+01
             6	            13	6.5000000000000000e+01
             7	            13	6.5000000000000000e+01
             8	            13	6.5000000000000000e+01
             2	            15	8.4000000000000000e+01
             3	            15	8.4000000000000000e+01
             4	            15	8.4000000000000000e+01
             5	            15	8.4000000000000000e+01
             6	            15	8.4000000000000000e+01
             7	            15	8.4000000000000000e+01
             8	            15	8.4000000000000000e+01
             9	            15	8.4000000000000000e+01
             2	            20	6.5000000000000000e+01
             3	            20	6.5000000000000000e+01
             4	            20	6.5000000000000000e+01
             5	            20	8.4000000000000000e+01
             6	            20	6.5000000000000000e+01
             7	            20	6.5000000000000000e+01
             8	            20	6.5000000000000000e+01
             9	            20	6.5000000000000000e+01
            10	            20	6.5000000000000000e+01
             2	            30	8.4000000000000000e+01
             3	            30	8.4000000000000000e+01
             4	            30	8.4000000000000000e+01
             5	            30	8.4000000000000000e+01
             6	            30	8.4000000000000000e+01
             7	            30	8.4000000000000000e+01
             8	            30	8.4000000000000000e+01
             9	            30	8.4000000000000000e+01
            10	            30	8.4000000000000000e+01
            11	            30	8.4000000000000000e+01
            12	            30	8.4000000000000000e+01
            13	            30	8.4000000000000000e+01
            14	            30	8.4000000000000000e+01
            15	            30	8.4000000000000000e+01
            16	           100	7.1000000000000000e+01
            17	           100	6.5000000000000000e+01
            18	           100	6.7000000000000000e+01
            19	           100	6.5000000000000000e+01
            20	           100	6.5000000000000000e+01
            21	           100	6.5000000000000000e+01
            22	           100	7.1000000000000000e+01
            23	           100	6.5000000000000000e+01
            24	           100	6.5000000000000000e+01
            25	           200	6.5000000000000000e+01
            26	           200	6.5000000000000000e+01
            27	           200	6.5000000000000000e+01
            28	           200	6.5000000000000000e+01
            29	           200	6.5000000000000000e+01
            30	           200	6.5000000000000000e+01
            31	           200	6.5000000000000000e+01
            32	           200	6.5000000000000000e+01
            33	           200	6.5000000000000000e+01
            34	           200	6.5000000000000000e+01
            35	           200	6.5000000000000000e+01
            36	           200	6.5000000000000000e+01
            37	           200	6.5000000000000000e+01
            38	           200	6.5000000000000000e+01
            39	           200	6.5000000000000000e+01
            40	           200	6.5000000000000000e+01
            41	           200	6.5000000000000000e+01
            42	           200	6.5000000000000000e+01
            43	           200	6.5000000000000000e+01
            44	           200	6.5000000000000000e+01
            25	           201	6.5000000000000000e+01
            26	           201	6.5000000000000000e+01
            27	           201	6.5000000000000000e+01
            28	           201	6.5000000000000000e+01
            29	           201	6.5000000000000000e+01
            30	           201	6.5000000000000000e+01
            31	           201	6.5000000000000000e+01
            32	           201	6.5000000000000000e+01
            33	           201	6.5000000000000000e+01
            34	           201	6.5000000000000000e+01
            35	           201	6.5000000000000000e+01
            36	           201	6.5000000000000000e+01
            37	           201	6.5000000000000000e+01
            38	           201	6.5000000000000000e+01
            39	           201	6.5000000000000000e+01
            40	           201	6.5000000000000000e+01
            41	           201	6.5000000000000000e+01
            42	           201	6.5000000000000000e+01
            43	           201	6.5000000000000000e+01
            44	           201	6.5000000000000000e+01
